-24468.27	 8149.00	 3309.00	26001.00	 2693.00	  121.86	3	1	38617270

-17569.41	18582.70	 3488.00	25810.21	 2223.24	  129.45	0	1	38617330

-17835.85	18599.04	 3110.00	25956.00	 2230.00	  114.69	3	2	38617360

-24420.04	 7921.14	 3487.00	25908.34	 2700.47	  128.92	2	1	38618330

-17959.26	18645.87	 3309.00	26098.91	 2232.09	  121.40	2	2	38618420

-24272.90	 7971.14	 3449.00	25780.00	 2697.00	  128.14	3	1	38618510

-24039.91	 8036.69	 3368.00	25570.47	 2691.91	  126.14	0	2	38618500

-17354.35	18364.55	 3003.00	25445.00	 2223.00	  112.96	3	2	38618610

-23671.28	 8824.94	 3341.00	25482.77	 2659.23	  125.56	1	1	38618590

-17073.52	18145.21	 3128.00	25110.52	 2220.95	  119.26	0	1	38618570

-23912.79	 7561.35	 3177.00	25280.21	 2707.55	  120.33	2	1	38619580

-17679.80	18531.51	 3363.00	25832.19	 2227.54	  124.67	2	2	38619640

-23905.73	 8073.05	 3414.00	25462.00	 2689.00	  128.43	3	1	38619760

-23642.87	 7942.68	 3344.00	25164.53	 2690.51	  127.27	0	2	38619770

-17281.28	18172.52	 3193.00	25280.00	 2226.00	  120.94	3	2	38619890

-17036.08	18050.90	 3271.00	25035.22	 2222.39	  125.12	0	1	38619830

-23735.69	 8026.28	 3126.00	25250.26	 2688.62	  118.53	1	1	38619870

-16743.75	18484.71	 3311.00	25159.50	 2202.85	  126.03	1	2	38619920

-23722.30	 7864.06	 3404.00	25222.57	 2694.32	  129.27	2	1	38620850

-17417.87	18017.14	 3214.00	25265.18	 2233.85	  121.81	2	2	38620910

-23427.74	 7868.88	 3315.00	24935.26	 2690.56	  127.33	0	2	38621030

-23585.08	 7964.76	 3312.00	25113.00	 2689.00	  126.31	3	1	38621030

-16862.28	17977.54	 3170.00	24851.10	 2219.44	  122.14	0	1	38621080

-16923.66	18021.87	 3272.00	24938.00	 2220.00	  125.65	3	2	38621130

-23515.01	 7706.00	 3351.00	24971.33	 2697.60	  128.53	1	1	38621180

-17689.78	17167.24	 2934.00	24824.40	 2264.31	  113.13	1	2	38621230

-23444.31	 7899.61	 3397.00	24971.57	 2689.64	  130.31	2	1	38622090

-23278.97	 7888.56	 3324.00	24803.00	 2688.00	  128.36	3	1	38622270

-23187.81	 7819.04	 3422.00	24708.74	 2689.43	  132.68	0	2	38622280

-16729.50	17740.51	 3272.00	24603.00	 2222.00	  127.38	3	2	38622360

-22845.25	 8094.68	 3294.00	24459.76	 2674.82	  128.99	1	1	38622480

-16273.84	17967.21	 3243.00	24457.63	 2202.81	  126.99	1	2	38622540

-23372.36	 8172.15	 3436.00	24997.15	 2678.80	  131.68	2	1	38623360

-16971.38	17360.66	 3289.00	24499.75	 2239.17	  128.58	2	2	38623420

-22963.62	 7835.35	 3293.00	24486.00	 2686.00	  128.81	3	1	38623510

-22805.32	 7845.50	 3342.00	24347.55	 2683.60	  131.49	0	2	38623530

-16201.96	17545.72	 3252.00	24102.52	 2212.00	  129.24	0	1	38623580

-16541.28	17763.20	 3243.00	24488.00	 2216.00	  126.84	3	2	38623610

-15585.35	18337.45	 3173.00	24274.13	 2172.70	  125.18	1	2	38623810

-23025.58	 7899.40	 3433.00	24583.80	 2684.41	  133.79	2	1	38624610

-16755.47	17149.01	 3228.00	24192.03	 2238.92	  127.80	2	3	38624670

-22783.28	 7429.12	 3372.00	24200.00	 2699.00	  133.49	3	1	38624760

-22627.74	 7757.29	 3238.00	24138.66	 2684.62	  128.48	0	2	38624780

-16394.72	17376.64	 3156.00	24097.61	 2222.24	  125.42	0	1	38624870

-16334.56	17394.54	 3189.00	24074.00	 2220.00	  126.87	3	2	38624860

-22413.16	 7749.17	 3304.00	23944.01	 2682.13	  132.19	1	1	38625060

-15873.33	17675.65	 3271.00	23981.04	 2198.75	  130.66	1	2	38625110

-22790.18	 7761.45	 3491.00	24327.34	 2686.55	  137.51	2	1	38625870

-22372.94	 7555.42	 3338.00	23849.00	 2689.00	  134.10	3	1	38626000

-22316.62	 7671.56	 3315.00	23830.10	 2683.82	  133.27	0	2	38626030

-16159.49	17208.10	 3259.00	23830.00	 2220.00	  131.01	3	2	38626110

-15576.34	17151.86	 3215.00	23391.12	 2204.07	  131.67	0	1	38626120

-21982.56	 7753.39	 3360.00	23550.75	 2676.20	  136.71	1	1	38626360

-22387.89	 7218.25	 3377.00	23763.94	 2702.16	  136.16	2	1	38627120

-22070.18	 7659.75	 3353.00	23601.00	 2681.00	  136.13	3	1	38627270

-21920.01	 7583.23	 3391.00	23441.23	 2681.95	  138.63	0	2	38627300

-16346.81	16798.06	 3269.00	23666.00	 2237.00	  132.33	3	2	38627360

-15539.78	16975.09	 3161.00	23229.95	 2207.87	  130.35	0	1	38627360

-21549.36	 8041.80	 3376.00	23247.42	 2658.92	  139.17	1	1	38627650

-22121.77	 7299.96	 3468.00	23551.84	 2695.63	  141.13	2	1	38628380

-15968.57	16581.94	 3205.00	23242.80	 2232.01	  132.10	2	2	38628430

-16350.98	17367.53	 3293.00	24079.65	 2221.22	  131.00	2	4	38627190

-21841.61	 7478.06	 3384.00	23333.00	 2685.00	  138.98	3	1	38628510

-21513.66	 7457.22	 3436.00	23027.24	 2681.37	  143.02	0	2	38628550

-15969.11	16722.40	 3208.00	23344.00	 2228.00	  131.65	3	2	38628610

-15454.39	16789.12	 3154.00	23036.07	 2210.49	  131.16	0	1	38628600

-21561.51	 7528.63	 3422.00	23093.05	 2679.21	  142.03	1	1	38628920

-15855.91	16624.47	 3130.00	23185.77	 2227.41	  129.31	1	2	38628980

-21804.16	 7337.06	 3507.00	23271.28	 2690.03	  144.46	2	1	38629610

-15738.40	16439.94	 3342.00	23003.00	 2229.18	  139.23	2	2	38629670

-21535.80	 7323.00	 3437.00	23005.00	 2687.00	  143.20	3	1	38629760

-21202.68	 7418.57	 3406.00	22719.81	 2678.59	  143.70	0	2	38629800

-15641.82	16483.04	 3266.00	22957.00	 2225.00	  136.32	3	2	38629860

-15037.92	16582.04	 3239.00	22618.45	 2203.40	  137.22	0	1	38629850

-20960.77	 7523.56	 3524.00	22547.20	 2670.92	  149.86	1	1	38630230

-21510.61	 7438.85	 3532.00	23032.97	 2682.06	  147.01	2	1	38630890

-15462.77	16098.17	 3314.00	22566.15	 2230.78	  140.75	2	2	38630940

-20924.77	 7296.31	 3445.00	22426.55	 2679.61	  147.27	0	2	38631040

-21298.77	 7093.42	 3460.00	22714.00	 2693.00	  146.03	3	1	38631020

-15025.40	16434.46	 3232.00	22501.11	 2207.26	  137.64	0	1	38631090

-15185.19	16410.00	 3166.00	22581.00	 2213.00	  134.33	3	2	38631140

-20896.48	 6968.78	 3378.00	22285.37	 2692.62	  145.31	1	1	38631520

-21250.63	 7445.53	 3431.00	22777.12	 2678.19	  144.39	2	1	38632130

-15360.04	16136.01	 3262.00	22515.38	 2226.48	  138.84	2	3	38632190

-20969.03	 6959.22	 3315.00	22341.00	 2694.00	  142.22	3	1	38632290

-14856.03	16360.95	 3173.00	22326.00	 2204.00	  136.18	3	2	38632380

-20620.46	 7216.67	 3366.00	22104.60	 2678.52	  145.98	0	2	38632380

-14760.34	16174.45	 3205.00	22130.35	 2206.38	  138.78	0	1	38632470

-20480.40	 7082.81	 3397.00	21935.19	 2682.05	  148.48	1	1	38632810

-20908.50	 7163.52	 3447.00	22368.80	 2684.80	  147.74	2	1	38633700

-15184.42	15934.05	 3163.00	22236.57	 2227.00	  136.29	2	2	38633770

-20613.07	 6865.05	 3324.00	21979.00	 2693.00	  144.98	3	1	38633980

-20549.97	 6569.69	 3459.00	21850.09	 2704.52	  151.81	1	1	38634110

-14597.81	16246.70	 3090.00	22059.00	 2199.00	  134.21	3	2	38634140

-14403.38	16121.56	 3220.00	21857.05	 2196.31	  141.20	1	2	38634160

-20192.13	 7084.07	 3397.00	21666.70	 2677.79	  150.34	0	2	38634410

-14276.83	15801.20	 3302.00	21550.15	 2201.64	  146.90	0	1	38634480

-20303.60	 6713.75	 3402.00	21653.73	 2695.04	  150.65	2	1	38635700

-14662.70	15630.65	 3337.00	21689.80	 2219.50	  147.50	2	2	38635770

-20078.31	 6944.89	 3318.00	21503.00	 2682.00	  147.94	3	1	38636000

-19968.66	 6679.52	 3524.00	21349.05	 2691.75	  158.35	1	1	38636060

-14202.84	15940.93	 3092.00	21573.00	 2195.00	  137.34	3	2	38636150

-14119.32	15735.81	 3170.00	21378.02	 2198.35	  142.12	1	2	38636150

-19753.25	 6973.40	 3391.00	21220.70	 2675.93	  153.25	0	2	38636410

-13739.35	15466.92	 3242.00	20940.53	 2193.58	  148.44	0	1	38636470

-19676.84	 6448.00	 3526.00	21004.46	 2697.60	  161.07	2	1	38637690

-14253.89	15440.13	 3315.00	21273.46	 2211.87	  149.41	2	2	38637750

-19565.37	 6905.41	 3319.00	21012.00	 2676.00	  151.47	3	1	38637990

-19479.74	 6567.51	 3544.00	20860.31	 2689.48	  163.03	1	1	38638060

-13872.15	15569.77	 3091.00	21081.00	 2195.00	  140.52	3	2	38638160

-19254.81	 6901.54	 3386.00	20732.68	 2671.35	  156.66	0	2	38638420

-13358.28	15223.77	 3277.00	20516.96	 2187.76	  153.18	0	1	38638490

-19063.54	 6189.41	 3588.00	20361.75	 2700.21	  169.15	2	1	38639680

-13827.37	15029.31	 3269.00	20682.43	 2210.25	  151.57	2	2	38639740

-19047.51	 6521.42	 3333.00	20407.00	 2685.00	  156.67	3	1	38639990

-18931.26	 6628.27	 3426.00	20348.56	 2678.39	  161.55	1	1	38640060

-13480.27	15193.87	 3093.00	20546.00	 2193.00	  144.30	3	2	38640150

-13204.65	15209.26	 3244.00	20401.17	 2182.74	  152.49	1	2	38640140

-18796.45	 6850.23	 3387.00	20290.49	 2666.27	  160.15	0	2	38640430

-12813.78	14808.95	 3239.00	19849.16	 2181.15	  156.53	0	1	38640480

-18749.24	 6302.31	 3456.00	20079.77	 2690.34	  165.18	2	1	38641690

-13456.28	14459.12	 3248.00	20017.17	 2215.71	  155.64	2	2	38641770

-18636.92	 6250.30	 3347.00	19940.00	 2691.00	  161.05	3	1	38642000

-13159.92	14739.26	 3113.00	20003.00	 2196.00	  149.22	3	2	38642160

-18258.18	 6749.31	 3481.00	19774.52	 2661.88	  168.98	0	2	38642460

-12475.15	14489.12	 3284.00	19399.71	 2178.81	  162.43	0	1	38642500

-18305.17	 6132.95	 3446.00	19610.39	 2691.29	  168.68	2	1	38643690

-18155.47	 6194.78	 3341.00	19472.00	 2686.00	  164.66	3	1	38644000

-17857.59	 6523.85	 3430.00	19318.88	 2665.52	  170.45	1	1	38644070

-12851.17	14454.29	 3119.00	19591.00	 2194.00	  152.68	3	2	38644160

-12847.04	14125.76	 3266.00	19371.38	 2204.76	  161.77	1	2	38644140

-17568.04	 6542.01	 3508.00	19071.97	 2659.59	  176.65	0	2	38644460

-12098.55	14152.76	 3298.00	18909.05	 2175.43	  167.41	0	1	38644500

-17919.74	 6042.18	 3435.00	19220.41	 2689.45	  171.58	2	1	38645670

-12878.83	13908.32	 3345.00	19248.24	 2213.32	  166.80	2	2	38645720

-17716.90	 6045.13	 3455.00	19036.00	 2686.00	  174.28	3	1	38645990

-17383.61	 6184.76	 3440.00	18768.99	 2673.59	  176.02	1	1	38646070

-12321.04	14274.06	 3219.00	19129.00	 2180.00	  161.46	3	2	38646150

-17094.96	 6369.24	 3337.00	18545.63	 2659.43	  172.77	0	2	38646470

-11944.45	13972.53	 3228.00	18663.37	 2175.43	  166.00	0	1	38646500

-17472.07	 5930.39	 3403.00	18762.28	 2687.53	  174.16	2	1	38647680

-12471.59	13671.45	 3256.00	18789.65	 2206.20	  166.32	2	2	38647720

-17211.22	 6054.28	 3372.00	18554.00	 2677.00	  174.52	3	1	38648000

-16917.40	 5956.62	 3488.00	18271.45	 2676.71	  183.42	1	1	38648080

-11555.13	14025.28	 3224.00	18455.99	 2158.07	  167.67	1	2	38648140

-11931.78	14029.72	 3151.00	18685.00	 2173.00	  161.81	3	2	38648150

-16557.82	 6209.43	 3382.00	18004.34	 2657.39	  180.45	0	2	38648490

-11537.38	13668.64	 3349.00	18197.77	 2169.45	  176.75	0	1	38648520

-17034.48	 5857.85	 3346.00	18321.67	 2683.71	  175.38	2	1	38649670

-12121.39	13533.45	 3193.00	18446.61	 2197.49	  166.13	2	2	38649720

-16733.51	 5945.38	 3320.00	18066.00	 2674.00	  176.49	3	1	38650000

-16436.10	 5714.94	 3463.00	17742.55	 2680.45	  187.59	1	1	38650070

-11540.36	13473.44	 3222.00	18030.39	 2176.35	  171.57	1	2	38650140

-11660.09	13623.30	 3289.00	18231.00	 2176.00	  173.22	3	2	38650160

-16086.45	 6033.63	 3465.00	17526.69	 2657.34	  190.04	0	2	38650490

-11159.67	13473.50	 3297.00	17802.92	 2160.56	  177.87	0	1	38650530

-16645.73	 5830.24	 3416.00	17965.00	 2678.28	  182.69	2	1	38651660

-11672.47	13196.67	 3314.00	17927.11	 2191.55	  177.55	2	2	38651700

-16261.23	 5835.18	 3338.00	17596.00	 2671.00	  182.26	3	1	38652000

-15929.78	 5659.07	 3367.00	17237.16	 2674.04	  187.74	1	1	38652070

-11356.46	13184.47	 3217.00	17696.00	 2179.00	  174.57	3	2	38652170

-15586.53	 5883.63	 3424.00	17008.26	 2655.32	  193.56	0	2	38652500

-10834.34	13128.38	 3283.00	17335.38	 2158.86	  181.94	0	1	38652530

-16122.73	 5693.96	 3434.00	17440.06	 2675.81	  189.27	2	1	38653660

-11224.53	12773.32	 3239.00	17310.08	 2188.46	  179.74	2	2	38653690

-15741.59	 5630.11	 3453.00	17071.00	 2672.00	  194.50	3	1	38653990

-15492.58	 5647.50	 3410.00	16838.71	 2666.20	  194.73	1	1	38654070

-10972.83	12902.15	 3249.00	17246.00	 2173.00	  180.98	3	2	38654160

-11013.73	12750.21	 3332.00	17174.76	 2180.34	  186.44	1	2	38654140

-15191.89	 5770.94	 3431.00	16609.30	 2653.33	  198.69	0	2	38654520

-10533.13	12848.89	 3267.00	16932.63	 2155.73	  185.41	0	1	38654550

-15541.32	 5583.52	 3415.00	16863.29	 2670.64	  194.73	2	1	38655660

-10706.84	12384.91	 3297.00	16700.08	 2180.73	  189.77	2	2	38655690

-15269.78	 5587.95	 3327.00	16597.00	 2665.00	  192.73	3	1	38656000

-15049.26	 5420.90	 3469.00	16367.66	 2669.84	  203.94	1	1	38656070

-10584.03	12588.10	 3270.00	16768.27	 2167.62	  187.42	1	2	38656140

-10578.32	12732.60	 3319.00	16883.00	 2162.00	  188.96	3	2	38656170

-14666.10	 5678.45	 3433.00	16097.36	 2647.24	  205.23	0	2	38656540

-10154.48	12571.35	 3245.00	16482.79	 2148.82	  189.24	0	1	38656550

-15082.10	 5532.30	 3416.00	16423.92	 2664.27	  200.08	2	1	38657650

-10358.19	12086.72	 3206.00	16237.59	 2176.60	  189.79	2	2	38657690

-14821.83	 5459.25	 3447.00	16167.00	 2663.00	  205.18	3	1	38658000

-14285.74	 5557.54	 3409.00	15703.18	 2645.71	  208.97	1	1	38658080

-10246.16	12332.36	 3077.00	16326.02	 2162.02	  181.06	1	2	38658150

-10359.07	12389.31	 3324.00	16488.00	 2165.00	  193.84	3	2	38658170

-14094.54	 5493.33	 3407.00	15506.14	 2645.11	  211.54	0	2	38658540

-9552.59	12173.16	 3304.00	15822.58	 2135.37	  200.88	0	1	38658540

-14568.79	 5311.45	 3365.00	15867.72	 2666.15	  204.06	2	1	38659640

-10173.60	11973.12	 3299.00	16054.32	 2172.58	  197.64	2	2	38659670

-14310.34	 5253.84	 3419.00	15623.00	 2664.00	  210.69	3	1	38659990

-14057.30	 5080.49	 3387.00	15326.15	 2668.82	  212.79	1	1	38660080

-9641.48	11957.73	 3336.00	15718.60	 2147.99	  204.22	1	2	38660140

-9912.28	12058.82	 3339.00	15963.00	 2157.00	  201.23	3	2	38660160

-13568.57	 5299.98	 3436.00	14966.70	 2644.40	  221.20	0	2	38660550

-13964.46	 4995.93	 3445.00	15226.08	 2671.91	  217.95	2	1	38661630

-9727.91	11582.31	 3257.00	15472.23	 2167.11	  202.53	2	2	38661660

-13872.94	 5109.75	 3497.00	15192.00	 2663.00	  221.80	3	1	38662000

-13481.88	 5040.03	 3463.00	14803.90	 2658.37	  225.47	1	1	38662080

-8715.01	12076.54	 3398.00	15275.49	 2096.93	  214.21	1	2	38662140

-9397.11	11856.21	 3303.00	15485.00	 2140.00	  205.27	3	2	38662160

-13115.59	 5250.10	 3456.00	14543.94	 2636.40	  229.11	0	2	38662570

-8552.04	11415.37	 3267.00	14632.88	 2113.99	  215.01	0	1	38662570

-13364.42	 4690.58	 3316.00	14546.65	 2677.67	  219.61	2	1	38663640

-9221.43	11120.07	 3288.00	14815.59	 2161.13	  213.71	2	2	38663660

-13356.65	 5015.11	 3440.00	14676.00	 2657.00	  225.93	3	1	38664000

-13225.24	 4743.79	 3413.00	14458.87	 2671.12	  227.56	1	1	38664090

-8938.65	11457.98	 3237.00	14888.35	 2132.64	  209.29	1	2	38664140

-8901.45	11651.04	 3354.00	15041.00	 2123.00	  214.75	3	2	38664180

-12651.41	 5168.91	 3372.00	14076.44	 2629.61	  231.00	0	2	38664570

-8642.58	11286.26	 3294.00	14591.92	 2124.06	  217.44	0	1	38664560

-12903.50	 4572.85	 3395.00	14104.51	 2674.77	  232.13	2	1	38665620

-8905.44	10841.29	 3350.00	14424.39	 2156.68	  223.82	2	2	38665650

-12879.35	 5021.45	 3410.00	14238.00	 2645.00	  230.95	3	1	38666000

-12709.05	 4638.86	 3431.00	13957.46	 2665.79	  237.17	1	1	38666080

-8866.84	10943.63	 3217.00	14447.59	 2150.26	  214.43	1	2	38666140

-8492.95	11385.88	 3336.00	14591.00	 2112.00	  220.28	3	2	38666180

-8279.94	10887.25	 3300.00	14070.52	 2120.89	  226.07	0	1	38666570

-12089.39	 5016.36	 3444.00	13534.34	 2624.41	  245.70	0	2	38666580

-12465.67	 4561.52	 3338.00	13687.31	 2665.02	  235.26	2	1	38667620

-8662.24	10550.75	 3377.00	14062.61	 2156.44	  231.58	2	2	38667640

-12443.07	 4956.73	 3413.00	13822.00	 2638.00	  238.26	3	1	38668000

-12079.68	 4679.13	 3512.00	13421.89	 2647.10	  252.81	1	1	38668080

-8078.67	11004.59	 3324.00	14050.44	 2104.72	  228.08	1	2	38668140

-8218.99	11042.70	 3407.00	14181.00	 2111.00	  231.69	3	2	38668170

-8054.72	10616.80	 3355.00	13742.31	 2119.78	  235.51	0	1	38668580

-11639.73	 4875.80	 3451.00	13083.04	 2621.19	  254.90	0	2	38668600

-11932.46	 4506.46	 3431.00	13208.47	 2655.17	  250.93	2	1	38669620

-8297.06	10323.99	 3152.00	13614.73	 2146.46	  223.10	2	2	38669640

-11947.14	 4846.37	 3406.00	13335.00	 2632.00	  246.64	3	1	38670010

-11639.83	 4520.95	 3400.00	12941.58	 2646.23	  253.86	1	1	38670090

-7466.01	10884.89	 3330.00	13612.90	 2074.11	  235.99	1	2	38670150

-7961.25	10673.06	 3241.00	13704.00	 2112.00	  228.00	3	2	38670180

-7557.52	10362.63	 3414.00	13272.37	 2101.72	  248.43	0	1	38670600

-11119.41	 4702.95	 3456.00	12557.99	 2617.90	  266.24	0	2	38670620

-7765.16	 9964.28	 3294.00	13055.08	 2132.15	  243.58	2	2	38671630

-11469.54	 4610.73	 3520.00	12853.00	 2635.00	  264.91	3	1	38672010

-11046.87	 4520.14	 3388.00	12407.40	 2629.11	  264.11	1	1	38672090

-7662.12	10407.85	 3385.00	13360.00	 2106.00	  244.62	3	2	38672190

-7104.74	10507.85	 3213.00	13084.94	 2067.73	  236.91	1	2	38672150

-7189.85	10088.43	 3289.00	12817.48	 2091.28	  247.81	0	1	38672590

-10643.78	 4508.93	 3441.00	12060.72	 2617.36	  276.29	0	2	38672620

-7427.03	 9780.40	 3437.00	12752.64	 2120.20	  260.59	2	2	38673620

-11056.34	 4298.88	 3400.00	12340.30	 2645.88	  266.55	2	1	38673600

-11034.10	 4408.86	 3549.00	12401.00	 2637.00	  277.16	3	1	38674000

-10478.20	 4479.43	 3417.00	11896.80	 2614.22	  278.19	1	1	38674090

-6758.24	10147.06	 3323.00	12636.41	 2061.08	  254.11	1	2	38674150

-7345.86	10133.00	 3361.00	12959.00	 2099.00	  250.53	3	2	38674180

-6681.42	 9798.58	 3469.00	12356.67	 2071.49	  271.74	0	1	38674620

-10135.86	 4330.45	 3455.00	11550.99	 2614.43	  290.07	0	2	38674640

-10609.59	 4053.49	 3459.00	11872.61	 2651.50	  282.31	2	1	38675590

-7017.38	 9475.49	 3229.00	12225.18	 2108.72	  255.25	2	2	38675610

-10567.56	 4286.74	 3466.00	11919.00	 2632.00	  281.76	3	1	38676010

-10008.12	 4368.90	 3445.00	11450.67	 2606.95	  291.82	1	1	38676100

-6530.18	 9751.25	 3264.00	12181.29	 2063.49	  259.04	1	2	38676160

-6888.95	 9889.78	 3363.00	12513.00	 2081.00	  259.84	3	2	38676190

-6228.37	 9507.95	 3321.00	11841.57	 2053.79	  271.45	0	1	38676620

-9683.08	 4262.76	 3414.00	11117.04	 2603.99	  298.07	0	2	38676650

-10176.48	 3924.83	 3432.00	11434.32	 2648.49	  291.11	2	1	38677600

-6832.42	 9208.07	 3307.00	11933.43	 2109.59	  268.14	2	2	38677610

-10102.76	 4110.52	 3481.00	11449.00	 2631.00	  295.01	3	1	38678010

-9587.13	 4199.36	 3537.00	11047.99	 2605.76	  311.20	1	1	38678090

-6258.30	 9363.64	 3329.00	11744.20	 2062.62	  274.45	1	2	38678150

-6498.97	 9584.51	 3207.00	12016.00	 2069.00	  257.99	3	2	38678200

-5886.91	 9195.63	 3308.00	11408.69	 2043.78	  280.92	0	1	38678620

-9192.45	 4097.59	 3401.00	10623.47	 2599.58	  311.19	0	2	38678650

-9498.36	 3656.25	 3468.00	10752.40	 2649.11	  313.60	2	1	38679580

-6478.77	 8895.02	 3226.00	11467.47	 2101.13	  272.31	2	2	38679600

-9669.94	 3910.84	 3429.00	10980.00	 2633.00	  303.29	3	1	38680020

-9115.59	 4074.48	 3456.00	10565.95	 2598.61	  318.20	1	1	38680100

-5806.93	 9104.94	 3312.00	11295.57	 2042.15	  284.17	1	2	38680150

-6132.69	 9272.52	 3245.00	11581.00	 2058.00	  271.20	3	2	38680200

-5538.31	 8824.52	 3263.00	10917.52	 2035.21	  289.84	0	1	38680620

-8614.31	 3942.18	 3357.00	10050.70	 2590.16	  325.20	0	2	38680650

-9038.26	 3543.64	 3451.00	10303.25	 2643.19	  326.15	2	1	38681580

-6173.57	 8646.37	 3277.00	11118.06	 2092.12	  285.70	2	2	38681580

-9191.06	 3863.57	 3363.00	10522.00	 2620.00	  310.66	3	1	38682020

-8799.87	 3893.50	 3487.00	10235.05	 2602.22	  331.98	1	1	38682100

-5404.45	 8783.96	 3321.00	10834.90	 2026.71	  297.48	1	2	38682150

-5758.98	 8991.23	 3222.00	11153.00	 2044.00	  279.86	3	2	38682200

-5020.69	 8453.87	 3368.00	10393.20	 2011.76	  315.14	0	1	38682640

-8122.42	 3759.24	 3349.00	 9556.23	 2586.07	  341.92	0	2	38682710

-8713.53	 3470.66	 3521.00	10018.41	 2638.04	  342.94	2	1	38683580

-5694.53	 8267.02	 3339.00	10579.23	 2076.00	  306.64	2	2	38683580

-8762.04	 3857.22	 3414.00	10164.00	 2604.00	  327.11	3	1	38684020

-8167.18	 3706.43	 3419.00	 9598.44	 2593.17	  347.79	1	1	38684100

-5157.23	 8479.96	 3290.00	10456.14	 2021.78	  305.66	1	2	38684150

-5427.76	 8672.74	 3153.00	10706.00	 2034.00	  285.47	3	2	38684210

-4779.46	 8139.44	 3316.00	10004.48	 2007.02	  322.62	0	1	38684650

-7625.87	 3606.11	 3308.00	 9060.95	 2578.19	  356.88	0	2	38684670

-5261.09	 7849.91	 3325.00	10017.77	 2063.84	  323.08	2	2	38685570

-8275.00	 3436.61	 3410.00	 9587.18	 2624.11	  347.26	2	1	38685570

-8316.91	 3797.25	 3364.00	 9742.00	 2591.00	  336.68	3	1	38686020

-7772.02	 3447.31	 3410.00	 9160.59	 2601.34	  364.24	1	1	38686100

-4786.97	 8080.27	 3281.00	 9948.41	 2010.73	  320.95	1	2	38686150

-4522.10	 7902.06	 3304.00	 9685.47	 1996.35	  332.43	0	1	38686640

-7081.53	 3289.83	 3481.00	 8549.18	 2584.70	  400.46	0	2	38686670

-4860.96	 7479.49	 3245.00	 9492.19	 2050.33	  333.17	2	2	38687560

-7757.23	 3257.41	 3360.00	 9059.52	 2620.36	  362.83	2	1	38687560

-7356.60	 3301.30	 3381.00	 8743.53	 2597.19	  379.14	1	1	38688100

-7874.41	 3705.42	 3380.00	 9336.00	 2580.00	  353.76	3	1	38688020

-4244.24	 7960.83	 3259.00	 9592.16	 1967.73	  331.03	1	2	38688150

-4681.05	 8049.31	 3258.00	 9865.00	 2003.00	  321.41	3	2	38688240

-4068.29	 7584.17	 3263.00	 9204.23	 1970.17	  346.06	0	1	38688650

-6599.90	 3087.79	 3363.00	 8025.14	 2582.12	  412.92	0	2	38688690

-4426.68	 7116.23	 3359.00	 9028.79	 2031.40	  364.02	2	2	38689550

-7318.71	 3248.79	 3455.00	 8720.96	 2601.06	  388.98	2	1	38689550

-6783.75	 3183.77	 3322.00	 8197.03	 2580.97	  398.47	1	1	38690110

-3992.20	 7533.87	 3305.00	 9144.39	 1965.32	  353.13	1	2	38690150

-7372.54	 3583.10	 3568.00	 8940.00	 2568.00	  392.04	3	1	38690020

-4311.81	 7941.37	 3223.00	 9594.00	 1975.00	  327.16	3	2	38690230

-3683.81	 7322.48	 3217.00	 8805.58	 1945.10	  357.14	0	1	38690670

-6203.99	 3036.31	 3452.00	 7721.72	 2565.37	  442.58	0	2	38690700

-4065.44	 6817.23	 3341.00	 8611.89	 2013.49	  380.45	2	2	38691550

-6731.49	 2964.34	 3447.00	 8122.93	 2603.88	  418.50	2	1	38691550

-6367.94	 3022.80	 3403.00	 7827.41	 2576.78	  429.49	1	1	38692110

-3675.32	 7244.59	 3300.00	 8768.24	 1948.33	  368.47	1	2	38692160

-3940.88	 7615.74	 3158.00	 9138.00	 1956.00	  336.96	3	2	38692240

-3271.95	 7045.02	 3340.00	 8455.39	 1915.20	  387.78	0	1	38692660

-5678.90	 2942.07	 3444.00	 7264.08	 2543.54	  471.69	0	2	38692690

-3716.73	 6572.59	 3393.00	 8278.01	 1991.46	  403.29	2	2	38693540

-6133.75	 2704.63	 3494.00	 7559.49	 2603.42	  458.82	2	1	38693550

-5658.82	 3104.97	 3497.00	 7341.13	 2520.78	  474.13	1	1	38694110

-6516.14	 3200.69	 3337.00	 7990.00	 2564.00	  411.44	3	1	38694040

-3567.70	 7301.92	 3161.00	 8720.00	 1934.00	  354.23	3	2	38694240

-2844.26	 6535.71	 3354.00	 7877.48	 1891.97	  419.99	0	1	38694670

-5280.57	 2913.19	 3474.00	 6959.87	 2518.59	  499.06	0	2	38694700

-3426.19	 6341.41	 3442.00	 7987.47	 1973.03	  425.44	2	2	38695520

-5479.45	 2453.40	 3423.00	 6910.90	 2598.00	  494.83	2	1	38695540

-5044.58	 3125.69	 3422.00	 6850.39	 2470.28	  499.49	1	1	38696110

-6050.81	 3059.13	 3438.00	 7602.00	 2553.00	  448.13	3	1	38696030

-2840.30	 6772.15	 3198.00	 8009.78	 1879.23	  392.20	1	2	38696160

-3191.65	 7068.73	 3293.00	 8426.00	 1905.00	  383.42	3	2	38696260

-2608.41	 6295.13	 3207.00	 7531.09	 1875.11	  420.06	0	1	38696690

-4786.40	 2815.53	 3491.00	 6559.26	 2492.24	  535.93	0	2	38696720

-5220.28	 2474.96	 3434.00	 6720.80	 2577.24	  512.12	2	1	38697530

-3007.32	 6090.23	 3363.00	 7579.22	 1938.00	  439.02	2	2	38697530

-4663.14	 2967.45	 3464.00	 6523.03	 2458.81	  534.60	1	1	38698130

-2415.13	 6434.03	 3337.00	 7639.71	 1842.91	  431.66	1	2	38698160

-2792.24	 6842.17	 3282.00	 8086.00	 1870.00	  399.11	3	2	38698270

-2184.38	 5977.18	 3163.00	 7106.53	 1834.58	  440.48	0	1	38698700

-4346.45	 2765.14	 3458.00	 6204.47	 2458.94	  564.53	0	2	38698720

-2664.32	 5811.04	 3440.00	 7259.50	 1910.52	  471.42	2	2	38699520

-4972.45	 2421.16	 3491.00	 6540.21	 2567.30	  537.68	2	1	38699530

-4335.46	 2641.13	 3500.00	 6166.18	 2477.51	  576.40	1	1	38700130

-2217.49	 5917.64	 3312.00	 7134.78	 1842.37	  460.98	1	2	38700160

-2398.90	 6555.29	 3224.00	 7689.00	 1835.00	  413.17	3	2	38700280

-1714.79	 5536.05	 3235.00	 6637.29	 1786.84	  486.16	0	1	38700690

-3810.79	 2427.43	 3471.00	 5697.58	 2458.39	  625.54	0	2	38700720

-2165.63	 5464.68	 3276.00	 6729.41	 1860.30	  485.53	2	2	38701500

-4284.99	 2271.35	 3502.00	 5981.98	 2534.55	  597.22	2	1	38701520

-3938.66	 2501.06	 3514.00	 5840.94	 2459.74	  616.43	1	1	38702130

-1574.77	 5904.28	 3261.00	 6926.36	 1748.90	  468.11	1	2	38702160

-2032.59	 6345.99	 3232.00	 7406.00	 1796.00	  431.24	3	2	38702280

-1291.82	 5141.69	 3345.00	 6268.55	 1735.05	  537.50	0	1	38702690

-3359.94	 2308.25	 3438.00	 5332.64	 2425.19	  669.06	0	2	38702720

-1901.06	 5119.12	 3244.00	 6351.61	 1839.55	  511.88	2	2	38703510

-3677.89	 2139.48	 3448.00	 5476.58	 2496.88	  650.33	2	1	38703520

-3408.18	 2387.17	 3574.00	 5485.23	 2416.53	  677.67	1	1	38704130

-1287.63	 5675.89	 3277.00	 6679.25	 1713.03	  489.69	1	2	38704170

 -877.30	 4817.86	 3189.00	 5843.90	 1672.00	  551.21	0	1	38704710

-2954.23	 2321.09	 3373.00	 5048.97	 2364.06	  698.62	0	2	38704740

-1427.35	 4773.05	 3268.00	 5958.12	 1777.48	  554.40	2	2	38705500

-3141.80	 1973.17	 3437.00	 5057.40	 2464.50	  713.54	2	1	38705520

-2933.55	 2233.59	 3416.00	 5026.30	 2378.58	  713.57	1	1	38706130

 -740.71	 5346.93	 3268.00	 6310.16	 1631.45	  519.85	1	2	38706160

 -461.06	 4373.39	 3249.00	 5467.64	 1600.30	  607.62	0	1	38706710

-2365.60	 2076.45	 3460.00	 4677.54	 2312.07	  795.11	0	2	38706730

-1116.48	 4441.28	 3242.00	 5610.89	 1735.18	  588.27	2	2	38707480

-2826.56	 1844.02	 3423.00	 4806.95	 2448.00	  756.76	2	1	38707510

-2362.10	 2133.87	 3457.00	 4699.34	 2298.43	  789.35	1	1	38708130

 -362.99	 5032.65	 3228.00	 5989.94	 1568.76	  543.48	1	2	38708170

 -206.34	 4311.79	 3273.00	 5417.25	 1545.66	  619.50	0	1	38708710

-1905.93	 1971.78	 3392.00	 4361.90	 2233.78	  850.75	0	2	38708740

 -868.55	 4166.50	 3266.00	 5364.78	 1696.25	  625.03	2	2	38709470

-2535.72	 1717.60	 3393.00	 4570.83	 2431.46	  798.82	2	1	38709480

-1802.22	 2071.63	 3435.00	 4397.60	 2183.69	  856.04	1	1	38710130

    2.35	 4678.80	 3302.00	 5726.64	 1499.52	  586.87	1	2	38710170

  221.75	 3997.22	 3227.00	 5142.03	 1447.08	  647.86	0	1	38710720

-1305.44	 1670.10	 3413.00	 4017.71	 2133.55	  969.27	0	2	38710750

 -565.83	 3904.60	 3273.00	 5126.26	 1637.43	  661.31	2	2	38711470

-1996.50	 1565.26	 3525.00	 4343.00	 2365.06	  904.29	2	1	38711490

-1272.97	 2026.77	 3520.00	 4256.60	 2035.53	  929.78	1	1	38712140

  308.52	 4254.60	 3289.00	 5386.50	 1430.88	  627.22	1	2	38712170

  484.07	 3817.21	 3354.00	 5104.38	 1379.55	  684.63	0	1	38712740

 -834.77	 1542.50	 3412.00	 3836.39	 1973.69	 1046.58	0	2	38712760

   -4.72	 3576.92	 3250.00	 4832.90	 1501.26	  704.31	2	2	38713470

-1591.51	 1476.23	 3499.00	 4117.66	 2285.87	  969.75	2	1	38713480

 -856.04	 1844.10	 3432.00	 3989.00	 1915.01	  989.29	1	1	38714140

  673.64	 4038.20	 3369.00	 5301.98	 1342.16	  657.52	1	2	38714170

  799.35	 3461.51	 3346.00	 4880.24	 1283.28	  721.41	0	1	38714730

 -406.17	 1387.26	 3321.00	 3621.95	 1771.99	 1107.97	0	2	38714750

  500.86	 3252.44	 3249.00	 4624.41	 1354.09	  743.90	2	2	38715460

-1308.78	 1404.97	 3380.00	 3887.32	 2216.17	 1006.66	2	1	38715470

 -474.29	 1734.90	 3485.00	 3921.74	 1754.83	 1045.04	1	1	38716140

 1003.08	 3767.37	 3225.00	 5059.63	 1251.51	  659.97	1	2	38716170

 1193.45	 3078.70	 3321.00	 4683.14	 1146.86	  752.75	0	1	38716740

   81.12	 1142.32	 3558.00	 3737.76	 1432.30	 1202.64	0	2	38716750

  813.59	 2924.61	 3247.00	 4445.03	 1240.90	  782.11	2	2	38717440

 -773.06	 1151.22	 3368.00	 3642.30	 2064.70	 1127.03	2	1	38717470

   -2.41	 1509.74	 3414.00	 3732.92	 1501.52	 1102.40	1	1	38718150

 1516.63	 3512.89	 3352.00	 5086.90	 1110.81	  686.99	1	2	38718170

 1578.25	 2850.65	 3290.00	 4630.46	 1017.15	  754.61	0	1	38718750

  631.45	  930.88	 3453.00	 3631.59	  930.83	 1199.28	0	2	38718770

 1272.33	 2595.02	 3232.00	 4335.76	 1064.69	  803.27	2	2	38719450

   28.31	  937.34	 3410.00	 3536.60	 1471.17	 1243.72	2	1	38719460

  581.26	 1465.24	 3386.00	 3734.94	 1139.36	 1083.94	1	1	38720150

 1648.16	 2992.75	 3297.00	 4747.97	 1019.29	  732.99	1	2	38720170

 2056.57	 2482.13	 3335.00	 4638.17	  839.28	  766.25	0	1	38720750

 1100.98	  858.99	 3367.00	 3645.09	  632.69	 1124.57	0	2	38720770

 1642.89	 2357.59	 3278.00	 4359.20	  918.82	  812.69	2	2	38721430

  641.24	  766.49	 3429.00	 3571.66	  834.74	 1229.20	2	1	38721450

 1063.69	 1278.28	 3513.00	 3886.72	  837.25	 1077.81	1	1	38722160

 2082.04	 2740.14	 3337.00	 4793.63	  879.52	  735.29	1	2	38722180

 2425.47	 2143.94	 3238.00	 4578.65	  691.24	  750.12	0	1	38722750

 1476.44	  827.06	 3363.00	 3764.79	  487.61	 1054.80	0	2	38722770

 2013.82	 2076.22	 3220.00	 4328.34	  764.57	  801.13	2	2	38723440

 1007.29	  730.72	 3448.00	 3665.69	  599.30	 1169.25	2	1	38723430

 1398.40	 1019.28	 3397.00	 3812.36	  601.47	 1050.09	1	1	38724170

 2404.89	 2453.63	 3278.00	 4748.59	  759.58	  727.58	1	2	38724180

 2733.23	 1832.12	 3347.00	 4693.57	  563.91	  758.13	0	1	38724780

 1914.69	  784.10	 3382.00	 3964.69	  371.16	  975.71	0	2	38724790

 2314.13	 1903.34	 3332.00	 4481.09	  657.28	  800.61	2	2	38725430

 1506.18	  603.40	 3457.00	 3818.84	  363.86	 1080.95	2	1	38725450

 1845.27	  853.06	 3458.00	 4011.30	  413.52	  992.49	1	1	38726160

 2903.96	 2262.75	 3135.00	 4835.41	  632.09	  673.61	1	2	38726180

 3119.26	 1569.00	 3268.00	 4782.40	  445.04	  718.42	0	1	38726770

 2388.58	  718.94	 3420.00	 4233.04	  279.19	  898.24	0	2	38726800

 2678.58	 1643.40	 3240.00	 4513.66	  525.51	  764.58	2	2	38727420

 1956.06	  463.62	 3474.00	 4013.70	  222.23	  999.07	2	1	38727450

 2301.15	  823.67	 3395.00	 4183.27	  328.24	  904.15	1	1	38728170

 3112.22	 1859.27	 3266.00	 4879.50	  514.24	  700.26	1	2	38728180

 3537.08	 1307.49	 3194.00	 4941.87	  338.12	  671.07	0	1	38728770

 2867.55	  565.07	 3391.00	 4476.72	  185.79	  820.70	0	2	38728800

 3227.97	 1251.54	 3258.00	 4754.02	  353.20	  721.01	2	2	38729440

 2455.85	  299.49	 3495.00	 4282.04	  115.88	  911.77	2	1	38729420

 2919.68	  760.21	 3511.00	 4629.21	  243.24	  822.12	1	1	38730170

 3482.88	 1657.21	 3255.00	 5046.96	  424.10	  669.36	1	2	38730180

 3915.11	  880.15	 3243.00	 5159.44	  211.16	  649.06	0	1	38730770

 3334.64	  425.72	 3353.00	 4748.02	  121.26	  748.76	0	2	38730790

 3581.13	  883.42	 3279.00	 4935.26	  230.96	  693.94	2	2	38731410

 2843.98	  217.91	 3348.00	 4398.27	   73.03	  826.18	2	1	38731440

 3473.89	  719.53	 3484.00	 4972.31	  195.03	  741.36	1	1	38732180

 3884.13	 1351.71	 3292.00	 5267.91	  319.81	  644.60	1	2	38732190

 4258.01	  519.58	 3368.00	 5453.81	  115.95	  635.62	0	1	38732790

 3852.25	  404.91	 3515.00	 5230.59	  100.01	  703.70	0	2	38732790

 3896.13	  495.00	 3270.00	 5110.56	  120.68	  663.01	2	2	38733420

 3435.90	  192.20	 3423.00	 4853.79	   53.36	  747.46	2	1	38733410

 4000.21	  612.76	 3547.00	 5381.30	  145.15	  687.23	1	1	38734180

 4187.42	 1011.79	 3287.00	 5418.73	  226.40	  622.40	1	2	38734190

 4537.83	  464.71	 3487.00	 5741.69	   97.45	  623.26	1	1	38736190

 4350.97	  458.36	 3251.00	 5450.69	  100.23	  610.25	1	2	38736190

 4811.96	  294.48	 3482.00	 5946.93	   58.37	  597.32	0	2	38736790

 4877.71	  107.24	 3325.00	 5904.16	   20.99	  571.25	0	1	38736790

 4564.45	  -43.37	 3263.00	 5610.99	 5990.93	  592.65	2	5	38737390

 5321.28	 -397.73	 3705.00	 6496.25	 5928.76	  579.55	0	3	38738800

 4632.49	 -370.21	 3283.00	 5689.92	 5923.85	  587.31	2	2	38739390

 5035.98	 -202.09	 3613.00	 6201.27	 5961.70	  593.92	2	6	38739390

 5221.03	 -113.04	 3307.00	 6181.27	 5979.33	  539.07	1	2	38740190

 5507.59	  221.68	 3427.00	 6490.53	   38.41	  531.17	1	1	38740210

 5581.91	  -68.39	 3259.00	 6464.01	 5988.30	  504.61	0	1	38740810

 5984.14	-1108.15	 3432.00	 6986.88	 5825.14	  490.33	0	3	38740810

 5669.98	 -582.89	 3265.00	 6568.77	 5902.17	  496.75	2	5	38741390

 5464.56	 -438.06	 3399.00	 6450.31	 5923.61	  530.00	2	6	38741380

 5696.71	 -347.96	 3297.00	 6591.19	 5941.74	  500.24	1	2	38742230

 5806.25	   18.13	 3420.00	 6738.64	    2.98	  508.31	1	1	38742210

 5890.92	 -352.83	 3340.00	 6781.08	 5942.87	  491.80	0	1	38742800

 6380.62	 -573.22	 3493.00	 7296.71	 5914.44	  476.69	0	2	38742800

 5796.78	 -572.08	 3328.00	 6708.62	 5906.06	  495.68	2	6	38743380

 5059.50	 -914.13	 3355.00	 6139.23	 5829.31	  552.10	2	2	38743390

 6087.74	 -670.22	 3353.00	 6982.29	 5895.29	  478.32	1	2	38744210

 6278.39	 -153.65	 3439.00	 7160.20	 5976.64	  478.41	1	1	38744230

 6466.41	-1581.63	 3235.00	 7401.44	 5770.93	  431.96	0	4	38744810

 7040.36	-1145.34	 3261.00	 7843.00	 5846.00	  409.48	3	3	38744940

 7186.26	 -497.47	 3387.00	 7960.00	 5934.00	  419.71	3	4	38744900

 6212.28	 -764.28	 3449.00	 7146.48	 5883.10	  480.94	2	6	38745370

 6421.14	-1322.85	 3279.00	 7330.26	 5805.98	  442.87	2	5	38745390

 6475.17	 -837.89	 3302.00	 7316.64	 5877.11	  447.12	1	2	38746210

 6743.02	 -159.91	 3473.00	 7586.54	 5977.36	  454.07	1	1	38746240

 6765.95	-1161.61	 3361.00	 7643.54	 5837.64	  434.76	0	1	38746820

 7280.02	 -811.48	 3487.00	 8112.73	 5893.99	  424.27	0	2	38746810

 7689.56	 -751.26	 3402.00	 8442.00	 5907.00	  396.08	3	4	38746910

 6419.36	-1799.36	 3241.00	 7412.82	 5739.03	  432.11	2	5	38747370

 6449.09	 -872.44	 3466.00	 7373.27	 5871.60	  467.32	2	6	38747370

 6846.73	-1200.74	 3202.00	 7653.25	 5834.22	  412.21	1	2	38748210

 7285.87	 -201.37	 3435.00	 8057.52	 5973.61	  420.56	1	1	38748230

 7853.11	-1042.05	 3562.00	 8685.91	 5874.02	  403.51	0	2	38748810

 7218.29	-1658.55	 3318.00	 8115.64	 5784.33	  402.20	0	1	38748820

 8233.13	 -743.48	 3351.00	 8920.00	 5914.00	  367.76	3	4	38748920

 7738.12	-1917.86	 3281.00	 8621.00	 5768.00	  372.83	3	3	38748970

 7047.88	 -934.34	 3367.00	 7866.53	 5874.14	  422.36	2	6	38749350

 6639.11	-1894.16	 3209.00	 7613.36	 5734.61	  415.48	2	5	38749370

 7225.85	-1632.39	 3279.00	 8101.20	 5787.83	  397.93	1	2	38750210

 7820.48	 -350.17	 3478.00	 8566.15	 5957.27	  399.25	1	1	38750230

 8244.21	 -677.22	 3427.00	 8953.77	 5921.73	  375.06	0	2	38750810

 7673.50	-1983.18	 3380.00	 8616.26	 5758.49	  384.94	0	1	38750820

 8677.51	 -930.42	 3383.00	 9360.00	 5898.00	  353.14	3	4	38750910

 8136.48	-2143.67	 3180.00	 8995.00	 5754.00	  345.06	3	3	38750980

 7860.03	 -987.57	 3362.00	 8605.72	 5880.64	  383.27	2	6	38751340

 7069.33	-2247.89	 3313.00	 8124.31	 5706.01	  401.10	2	5	38751360

 7608.61	-2085.32	 3260.00	 8536.23	 5744.55	  374.19	1	2	38752220

 8398.16	 -436.78	 3400.00	 9070.83	 5950.38	  366.89	1	1	38752230

 8706.83	-1136.39	 3372.00	 9405.88	 5876.07	  350.13	0	2	38752820

 8084.26	-2982.60	 3336.00	 9240.13	 5662.48	  352.73	0	4	38752830

 9096.71	-1110.49	 3424.00	 9783.00	 5884.00	  341.45	3	4	38752920

 8641.83	-1132.88	 3359.00	 9340.64	 5875.53	  351.27	2	6	38753350

 7596.30	-2615.75	 3273.00	 8675.17	 5683.32	  369.43	2	5	38753370

 8017.96	-2370.09	 3326.00	 8998.19	 5725.54	  361.55	1	2	38754210

 8832.01	 -629.52	 3513.00	 9525.85	 5932.05	  360.68	1	1	38754240

 9235.10	-1269.28	 3408.00	 9925.36	 5869.57	  334.70	0	2	38754810

 8414.58	-2434.84	 3389.00	 9392.50	 5731.03	  352.51	0	1	38754830

 9586.18	-1048.16	 3342.00	10206.00	 5896.00	  318.57	3	4	38754930

 9307.50	-1294.20	 3365.00	 9981.37	 5868.06	  328.37	2	6	38755340

 8502.13	-2943.33	 3237.00	 9561.78	 5681.75	  329.79	2	5	38755370

 8341.42	-2631.06	 3224.00	 9321.80	 5708.23	  337.23	1	2	38756220

 9291.28	 -761.85	 3365.00	 9911.18	 5921.87	  330.79	1	1	38756250

 9651.37	-1295.37	 3417.00	10320.02	 5872.59	  322.26	0	2	38756810

 8849.55	-3045.92	 3261.00	 9910.92	 5683.45	  320.17	0	4	38756830

 9979.20	-1239.44	 3384.00	10610.00	 5882.00	  309.98	3	4	38756920

 9151.86	-3273.24	 3289.00	10261.00	 5672.00	  311.59	3	3	38756990

 9457.59	-1540.54	 3443.00	10182.02	 5845.81	  329.40	2	6	38757340

 8712.41	-3243.64	 3248.00	 9847.68	 5659.66	  320.97	2	5	38757360

 8544.60	-2905.79	 3494.00	 9677.90	 5686.97	  352.72	1	2	38758220

 9759.12	 -896.06	 3482.00	10400.37	 5912.57	  326.00	1	1	38758250

10201.82	-1673.23	 3455.00	10900.17	 5844.76	  307.99	0	2	38758820

 9208.69	-3776.91	 3319.00	10491.94	 5628.32	  307.36	0	4	38758850

10428.13	-1273.03	 3364.00	11031.00	 5884.00	  295.93	3	4	38758930

 9350.13	-3701.98	 3297.00	10583.00	 5640.00	  302.53	3	3	38758990

 9506.95	-1668.33	 3404.00	10234.88	 5834.11	  323.77	2	6	38759320

 8881.77	-3638.55	 3263.00	10137.66	 5628.71	  312.93	2	5	38759340

 8976.85	-3178.17	 3256.00	10064.10	 5675.07	  314.61	1	2	38760220

10191.65	 -968.70	 3436.00	10798.81	 5909.51	  309.22	1	1	38760260

10644.73	-1773.69	 3487.00	11340.87	 5842.33	  298.45	0	2	38760830

 9456.13	-4045.01	 3320.00	10807.54	 5614.01	  298.17	0	4	38760850

10925.46	-1229.35	 3386.00	11504.00	 5893.00	  285.29	3	4	38760930

 9598.30	-3870.17	 3265.00	10852.00	 5634.00	  291.83	3	3	38761010

 9733.87	-1711.65	 3399.00	10451.37	 5833.78	  316.32	2	6	38761320

 9025.40	-4036.02	 3376.00	10447.24	 5598.44	  314.22	2	5	38761340

 9335.33	-3522.29	 3250.00	10493.68	 5655.47	  300.70	1	2	38762230

10669.49	-1028.78	 3498.00	11275.30	 5908.21	  301.22	1	1	38762270

11131.20	-1559.80	 3442.00	11755.16	 5867.05	  283.77	0	2	38762820

 9920.03	-4300.77	 3271.00	11296.15	 5609.35	  280.53	0	4	38762850

11432.63	-1456.44	 3382.00	12011.00	 5879.00	  272.57	3	4	38762930

 9984.63	-4234.11	 3306.00	11338.00	 5617.00	  282.55	3	3	38763020

10330.98	-1798.89	 3442.00	11036.87	 5835.37	  302.86	2	6	38763310

 9537.91	-4274.38	 3243.00	10943.45	 5597.68	  287.30	2	5	38763340

 9778.23	-3916.47	 3161.00	10997.47	 5636.21	  278.40	1	2	38764230

11230.96	-1145.06	 3477.00	11812.50	 5902.97	  285.31	1	1	38764300

11523.91	-1392.01	 3556.00	12140.15	 5885.21	  283.87	0	2	38764820

11964.33	-1575.13	 3354.00	12525.00	 5875.00	  258.87	3	4	38764940

10328.94	-4302.71	 3218.00	11642.85	 5623.08	  267.42	0	4	38764850

10451.80	-4496.93	 3271.00	11839.00	 5612.00	  267.32	3	3	38765050

11212.28	-1855.42	 3372.00	11854.46	 5843.40	  275.43	2	6	38765300

10015.27	-4598.99	 3280.00	11498.47	 5588.93	  276.24	2	5	38765340

10239.50	-4275.97	 3338.00	11587.65	 5622.25	  279.04	1	2	38766250

11803.51	-1292.34	 3546.00	12392.22	 5895.86	  277.12	1	1	38766280

11957.47	-1571.41	 3527.00	12565.43	 5875.22	  271.69	0	2	38766830

10762.04	-4674.16	 3274.00	12181.47	 5608.73	  259.85	0	4	38766860

12473.34	-1841.90	 3279.00	13028.00	 5860.00	  242.96	3	4	38766950

10901.05	-4771.62	 3286.00	12345.00	 5606.00	  257.29	3	3	38767060

11942.79	-1927.81	 3338.00	12549.46	 5847.17	  257.09	2	6	38767310

10610.40	-4828.41	 3335.00	12125.03	 5592.19	  266.08	2	5	38767330

10716.66	-4564.56	 3311.00	12109.70	 5615.49	  264.46	1	2	38768250

12260.92	-1488.97	 3520.00	12842.80	 5884.60	  265.12	1	1	38768290

12414.45	-1609.20	 3432.00	12980.25	 5876.91	  255.52	0	2	38768830

11053.63	-5096.93	 3273.00	12604.53	 5587.42	  250.84	0	4	38768860

12855.88	-2022.37	 3448.00	13463.00	 5851.00	  247.32	3	4	38768950

11341.47	-5149.49	 3215.00	12864.00	 5593.00	  241.22	3	3	38769050

12573.79	-2011.09	 3444.00	13191.13	 5848.55	  252.24	2	6	38769300

10479.44	-5289.52	 3245.00	12178.99	 5553.63	  257.54	2	5	38769330

11161.23	-4824.44	 3296.00	12598.09	 5610.39	  252.78	1	2	38770250

12837.76	-1560.19	 3502.00	13398.00	 5884.51	  252.54	1	1	38770300

12941.97	-2114.07	 3423.00	13552.89	 5845.38	  243.82	0	2	38770830

13276.47	-2102.79	 3366.00	13857.00	 5850.00	  234.31	3	4	38770940

11434.00	-5386.82	 3230.00	13045.58	 5579.56	  238.92	0	4	38770860

11588.63	-5438.38	 3224.00	13201.00	 5581.00	  235.60	3	3	38771050

12973.95	-2171.57	 3301.00	13562.29	 5841.63	  234.78	2	6	38771300

10865.96	-5495.53	 3324.00	12622.16	 5552.86	  254.48	2	5	38771320

11645.97	-5037.25	 3374.00	13129.60	 5610.17	  248.18	1	2	38772250

13400.19	-1620.66	 3525.00	13950.53	 5885.07	  243.93	1	1	38772310

13487.30	-2410.86	 3406.00	14118.08	 5831.09	  232.67	0	2	38772830

11796.02	-5580.30	 3271.00	13453.08	 5578.05	  234.53	0	4	38772860

13726.39	-2351.23	 3407.00	14337.00	 5838.00	  229.12	3	4	38772950

11929.35	-5720.71	 3269.00	13628.00	 5573.00	  231.32	3	3	38773060

13189.12	-2387.99	 3463.00	13843.69	 5828.96	  241.44	2	6	38773290

11104.65	-5889.36	 3284.00	12991.63	 5534.35	  244.03	2	5	38773310

11962.44	-5337.46	 3362.00	13523.73	 5599.24	  239.91	1	2	38774260

13924.40	-1728.11	 3493.00	14459.47	 5882.09	  232.99	1	1	38774330

14039.87	-2642.61	 3438.00	14694.25	 5822.34	  225.51	0	2	38774840

14210.37	-2480.11	 3363.00	14812.00	 5835.00	  218.72	3	4	38774950

12164.31	-5918.12	 3303.00	13924.95	 5567.61	  228.69	0	4	38774870

12259.39	-6053.64	 3312.00	14068.00	 5562.00	  226.95	3	3	38775040

13915.07	-2394.41	 3535.00	14555.36	 5837.28	  234.26	2	6	38775290

11631.86	-6231.36	 3343.00	13612.70	 5530.36	  236.93	2	5	38775320

12252.39	-5679.80	 3331.00	13909.59	 5585.49	  230.93	1	2	38776270

14301.37	-1841.12	 3369.00	14807.73	 5877.74	  219.18	1	1	38776330

14472.81	-2555.07	 3458.00	15097.96	 5833.13	  220.67	0	2	38776830

14706.41	-2519.10	 3431.00	15310.00	 5838.00	  215.83	3	4	38776940

12532.76	-6051.19	 3253.00	14292.27	 5570.46	  219.27	0	4	38776870

12669.08	-6471.94	 3352.00	14616.00	 5549.00	  220.97	3	3	38777040

14264.36	-2608.87	 3522.00	14922.56	 5827.26	  227.53	2	6	38777270

12243.10	-6447.94	 3280.00	14220.68	 5537.10	  222.26	2	5	38777310

12508.05	-6077.83	 3353.00	14305.03	 5568.07	  225.93	1	2	38778270

14620.50	-1953.27	 3422.00	15142.13	 5873.17	  217.69	1	1	38778340

14935.18	-2539.97	 3437.00	15534.61	 5839.14	  213.04	0	2	38778830

15145.74	-2529.09	 3458.00	15740.00	 5842.00	  211.52	3	4	38778940

13056.13	-6756.10	 3196.00	15044.00	 5544.00	  204.43	3	3	38779040

14628.94	-2761.09	 3448.00	15281.30	 5821.86	  217.34	2	6	38779270

12617.35	-6746.80	 3427.00	14712.62	 5531.09	  224.49	2	5	38779300

12849.81	-6399.82	 3336.00	14737.85	 5558.74	  218.04	1	2	38780300

15169.34	-2082.37	 3429.00	15690.86	 5869.73	  210.38	1	1	38780340

15391.88	-3108.44	 3400.00	16066.50	 5809.71	  203.62	0	2	38780840

13237.38	-6651.89	 3332.00	15184.80	 5555.34	  211.26	0	4	38780880

15610.12	-2606.64	 3360.00	16179.00	 5842.00	  199.77	3	4	38780950

13365.00	-7184.28	 3237.00	15515.00	 5529.00	  200.71	3	3	38781050

15248.05	-2898.13	 3496.00	15909.88	 5820.64	  211.56	2	6	38781270

13007.30	-7078.05	 3323.00	15176.66	 5524.11	  210.79	2	5	38781310

13274.65	-6714.51	 3302.00	15238.25	 5552.82	  208.58	1	2	38782300

15578.03	-2275.41	 3439.00	16114.57	 5861.50	  205.37	1	1	38782380

15912.50	-3057.57	 3412.00	16558.93	 5818.72	  198.18	0	2	38782860

16115.93	-2725.81	 3421.00	16699.00	 5840.00	  197.02	3	4	38782940

13728.75	-7713.84	 3224.00	16074.08	 5511.16	  192.84	0	5	38782890

13668.32	-7551.54	 3278.00	15956.00	 5518.00	  197.59	3	3	38783050

15787.05	-2881.51	 3547.00	16435.19	 5827.60	  207.72	2	6	38783260

13350.67	-7465.88	 3348.00	15658.51	 5513.09	  205.77	2	5	38783310

13761.08	-6979.48	 3411.00	15802.38	 5551.77	  207.76	1	2	38784300

16121.24	-2426.08	 3457.00	16665.26	 5857.36	  199.54	1	1	38784400

16386.17	-3090.85	 3408.00	17019.83	 5821.97	  192.51	0	2	38784860

14118.89	-7984.81	 3298.00	16552.25	 5508.50	  191.55	0	5	38784890

16565.95	-2944.88	 3335.00	17153.00	 5832.00	  186.85	3	4	38784940

14104.00	-7850.19	 3318.00	16479.00	 5515.00	  193.60	3	3	38785040

16269.07	-2946.01	 3490.00	16897.98	 5828.93	  198.65	2	6	38785260

13486.46	-7845.56	 3272.00	15941.87	 5496.86	  197.40	2	5	38785290

14158.00	-7221.50	 3349.00	16242.37	 5549.59	  198.32	1	2	38786300

16638.17	-2544.00	 3411.00	17173.68	 5855.11	  190.94	1	1	38786380

16827.25	-2847.41	 3498.00	17421.25	 5839.93	  193.05	0	2	38786860

14293.90	-8438.68	 3171.00	16899.17	 5490.73	  180.25	0	5	38786890

17059.59	-3032.64	 3444.00	17666.00	 5832.00	  187.36	3	4	38786950

14530.56	-8207.61	 3323.00	17016.00	 5509.00	  187.69	3	3	38787040

16599.70	-3180.91	 3398.00	17239.92	 5819.20	  189.46	2	6	38787260

13800.40	-8087.10	 3217.00	16315.68	 5493.82	  189.53	2	5	38787290

14581.85	-7471.48	 3362.00	16725.92	 5547.84	  193.26	1	2	38788310

17068.13	-2654.90	 3535.00	17631.38	 5852.64	  192.76	1	1	38788390

17332.37	-3041.17	 3386.00	17919.96	 5834.13	  181.53	0	2	38788860

14731.46	-8762.51	 3376.00	17469.82	 5487.59	  185.71	0	5	38788890

17508.45	-3245.00	 3467.00	18141.00	 5825.00	  183.63	3	4	38788960

14938.52	-8541.52	 3339.00	17529.00	 5504.00	  183.02	3	3	38789050

16781.57	-3448.81	 3469.00	17479.97	 5806.45	  190.78	2	6	38789260

14321.65	-8403.08	 3331.00	16935.67	 5493.30	  189.05	2	5	38789300

14989.20	-7763.72	 3294.00	17198.89	 5543.63	  184.03	1	2	38790330

17627.01	-2694.22	 3488.00	18169.66	 5855.16	  184.46	1	1	38790410

17857.80	-3197.99	 3363.00	18450.96	 5830.78	  175.03	0	2	38790860

15235.03	-9021.62	 3275.00	18006.15	 5489.46	  174.66	0	5	38790890

17963.52	-3387.75	 3429.00	18599.00	 5822.00	  177.07	3	4	38790950

15365.91	-8914.48	 3281.00	18065.00	 5498.00	  174.40	3	3	38791060

17590.64	-3431.75	 3422.00	18246.03	 5816.01	  180.16	2	6	38791240

14914.49	-8794.71	 3232.00	17613.48	 5491.22	  176.22	2	5	38791300

18163.01	-2794.02	 3437.00	18695.30	 5854.25	  176.56	1	1	38792410

18336.33	-3238.83	 3382.00	18924.83	 5833.05	  171.57	0	2	38792840

18469.97	-3463.24	 3389.00	19095.00	 5823.00	  170.38	3	4	38792950

15530.57	-8808.58	 3253.00	18148.60	 5507.32	  172.09	0	4	38792890

15774.06	-9173.35	 3386.00	18559.00	 5497.00	  175.20	3	3	38793060

17803.47	-3592.78	 3457.00	18488.45	 5809.85	  179.61	2	6	38793240

15575.06	-9112.22	 3286.00	18341.56	 5494.50	  172.01	2	5	38793280

15709.72	-8445.87	 3344.00	18146.91	 5528.94	  176.98	1	2	38794360

18643.31	-2925.15	 3537.00	19199.99	 5851.38	  176.93	1	1	38794430

15957.79	-9576.89	 3374.00	18914.32	 5483.84	  171.26	0	5	38794900

18938.69	-3489.56	 3375.00	19551.00	 5826.00	  165.68	3	4	38794960

16009.19	-9558.54	 3263.00	18929.00	 5486.00	  165.44	3	3	38795070

18477.21	-3535.66	 3416.00	19120.07	 5819.45	  171.53	2	6	38795240

16060.01	-8872.85	 3296.00	18641.76	 5518.00	  169.73	1	2	38796370

19040.56	-3049.83	 3431.00	19586.12	 5848.33	  168.15	1	1	38796430

19308.54	-3965.86	 3391.00	20001.17	 5806.55	  162.68	0	2	38796850

16341.95	-9844.43	 3215.00	19347.05	 5482.25	  159.43	0	5	38796900

19326.12	-3686.65	 3381.00	19963.00	 5820.00	  162.51	3	4	38796950

16362.87	-9816.27	 3377.00	19378.00	 5484.00	  167.27	3	3	38797060

18883.08	-3706.72	 3454.00	19550.97	 5814.90	  169.59	2	6	38797240

16252.66	-9778.07	 3172.00	19230.73	 5482.79	  158.23	2	5	38797280

19564.12	-3248.44	 3425.00	20125.55	 5842.88	  163.31	1	1	38798450

16462.12	-9203.69	 3266.00	19140.96	 5513.19	  163.74	1	2	38798380

16790.58	-10082.76	 3264.00	19855.46	 5483.59	  157.69	0	5	38798900

19817.29	-3780.35	 3369.00	20454.00	 5820.00	  158.01	3	4	38798950

16658.15	-10232.14	 3457.00	19853.00	 5474.00	  167.13	3	3	38799060

