-27364.81	21946.53	 2700.00	35182.00	 2354.51	   73.36	0	1	76728680

-26813.65	18588.48	 2952.00	32760.00	 2421.14	   86.17	0	2	76728650

-27497.49	22219.39	 2919.00	35473.00	 2351.00	   78.67	3	1	76728680

-27442.31	18649.77	 2886.00	33305.00	 2430.00	   82.85	3	2	76728660

-27591.02	18461.40	 3079.00	33340.18	 2436.89	   88.31	2	1	76729740

-27474.88	21591.61	 2900.00	35063.89	 2363.96	   79.07	2	2	76729760

-27235.02	21776.45	 2595.00	34967.04	 2355.92	   70.93	0	1	76729950

-26980.86	18377.51	 3026.00	32785.00	 2429.00	   88.26	3	2	76729920

-27200.94	21652.10	 2910.00	34888.00	 2358.00	   79.74	3	1	76729940

-27029.09	18317.15	 2994.00	32788.01	 2431.25	   87.32	0	2	76729930

-27312.80	18331.53	 3324.00	33061.80	 2435.53	   96.17	2	1	76730990

-27250.32	21605.97	 2692.00	34880.43	 2359.84	   73.77	2	2	76731010

-26810.90	17960.84	 2857.00	32397.20	 2436.36	   84.32	0	2	76731170

-26805.15	18216.76	 3271.00	32574.00	 2430.00	   96.05	3	2	76731180

-26916.26	21581.15	 3032.00	34632.70	 2354.63	   83.71	0	1	76731200

-26947.45	21358.29	 2725.00	34493.00	 2360.00	   75.52	3	1	76731210

-27058.41	17887.81	 3156.00	32589.74	 2442.20	   92.62	2	1	76732210

-26880.04	21427.75	 2766.00	34486.74	 2357.32	   76.67	2	2	76732240

-26192.43	17971.86	 2913.00	31898.54	 2425.74	   87.33	0	2	76732430

-26761.84	17820.95	 2966.00	32289.00	 2439.00	   87.84	3	2	76732440

-26351.04	21342.11	 3014.00	34043.32	 2349.92	   84.65	0	1	76732450

-26521.93	21431.09	 2748.00	34209.00	 2351.00	   76.79	3	1	76732480

-26699.42	18192.82	 3110.00	32457.81	 2428.83	   91.64	2	1	76733470

-26648.32	20942.10	 2961.00	34021.64	 2363.95	   83.22	2	2	76733490

-26122.35	17755.15	 2962.00	31723.74	 2429.94	   89.29	0	2	76733680

-26555.77	17804.40	 3070.00	32119.00	 2436.00	   91.41	3	2	76733720

-25932.73	21193.23	 2943.00	33620.25	 2345.72	   83.70	0	1	76733710

-26610.34	20820.20	 2821.00	33905.00	 2366.00	   79.55	3	1	76733740

-26198.86	17157.84	 3110.00	31471.31	 2446.31	   94.52	2	1	76734710

-26411.11	21228.37	 2859.00	34005.36	 2353.48	   80.38	2	2	76734740

-25890.63	17517.05	 2930.00	31396.76	 2431.98	   89.25	0	2	76734930

-25682.50	20942.00	 2894.00	33264.60	 2346.76	   83.18	0	1	76734930

-26118.52	17790.14	 2960.00	31740.00	 2429.00	   89.18	3	2	76734980

-26436.52	20684.21	 2832.00	33686.00	 2366.00	   80.38	3	1	76735000

-26153.66	17440.05	 3193.00	31596.91	 2438.39	   96.66	2	1	76735960

-26154.67	20786.58	 2905.00	33534.88	 2358.73	   82.83	2	2	76735990

-25886.79	17360.89	 2913.00	31305.14	 2435.87	   88.99	0	2	76736180

-25853.21	20720.09	 2935.00	33261.46	 2354.83	   84.37	0	1	76736200

-25842.41	17641.72	 3006.00	31434.00	 2428.00	   91.46	3	2	76736240

-26127.28	20530.62	 2969.00	33361.00	 2364.00	   85.10	3	1	76736260

-25951.46	17073.47	 3127.00	31221.14	 2444.32	   95.80	2	1	76737210

-25950.25	20509.96	 2958.00	33208.79	 2361.31	   85.17	2	2	76737240

-25680.92	17096.26	 2973.00	30994.04	 2439.13	   91.74	0	2	76737430

-25545.85	20453.90	 2873.00	32851.28	 2355.28	   83.62	0	1	76737450

-25578.74	17266.08	 3028.00	31009.00	 2433.00	   93.40	3	2	76737500

-25825.90	20469.36	 2895.00	33081.00	 2360.00	   83.68	3	1	76737520

-25503.21	20692.69	 2965.00	32975.63	 2349.08	   85.98	1	1	76737670

-25596.55	16609.18	 3076.00	30667.74	 2450.35	   95.94	2	1	76738460

-25349.48	16964.36	 2990.00	30648.42	 2436.81	   93.31	0	2	76738680

-25457.36	20260.31	 2843.00	32659.45	 2358.09	   83.23	0	1	76738680

-25236.54	17112.13	 3027.00	30641.00	 2431.00	   94.49	3	2	76738760

-25497.53	20339.85	 2853.00	32741.00	 2357.00	   83.32	3	1	76738790

-25458.93	16741.90	 2950.00	30612.93	 2444.52	   92.16	2	1	76739710

-25269.35	20225.34	 3005.00	32505.91	 2355.44	   88.40	2	2	76739740

-25083.92	16742.68	 2823.00	30290.09	 2437.97	   89.13	0	2	76739940

-25343.49	20082.68	 2927.00	32468.04	 2360.10	   86.20	0	1	76739960

-25185.69	16695.35	 2904.00	30356.00	 2441.00	   91.49	3	2	76740030

-25087.58	20228.67	 2874.00	32355.00	 2352.00	   84.94	3	1	76740060

-25206.13	16665.59	 2996.00	30365.55	 2442.14	   94.37	2	1	76740960

-25062.23	20184.84	 2966.00	32316.25	 2352.54	   87.77	2	2	76740990

-24817.38	16482.23	 3001.00	29942.82	 2440.17	   95.87	0	2	76741170

-24731.97	19998.87	 2879.00	31936.08	 2350.67	   86.20	0	1	76741190

-24951.52	16540.12	 3052.00	30091.00	 2441.00	   97.02	3	2	76741310

-24742.04	20035.71	 2999.00	31978.00	 2350.00	   89.69	3	1	76741330

-24375.88	20368.49	 3007.00	31907.70	 2335.30	   90.13	1	1	76741540

-25016.57	16443.01	 3015.00	30088.06	 2444.73	   95.85	2	1	76742210

-24838.11	20274.32	 2870.00	32190.32	 2346.28	   85.25	2	2	76742240

-24343.69	16275.99	 2951.00	29431.81	 2437.23	   95.91	0	2	76742420

-24613.37	19736.96	 2873.00	31679.95	 2354.58	   86.72	0	1	76742440

-24598.00	16417.24	 3086.00	29734.00	 2438.00	   99.29	3	2	76742590

-24597.08	16048.26	 3020.00	29524.28	 2447.96	   97.85	2	1	76743460

-24767.86	20028.51	 2868.00	31981.46	 2350.65	   85.75	2	3	76743490

-24448.65	19538.69	 2881.00	31429.24	 2356.15	   87.66	0	1	76743730

-24074.76	16079.38	 2877.00	29093.26	 2437.69	   94.59	0	2	76743730

-24284.17	16171.05	 3043.00	29334.00	 2439.00	   99.24	3	2	76743850

-24011.20	19906.19	 3025.00	31336.00	 2339.00	   92.33	3	1	76743870

-24257.72	15707.70	 2969.00	29051.40	 2451.26	   97.76	2	1	76745190

-23950.24	16021.19	 3118.00	28983.00	 2437.00	  102.93	3	2	76745470

-23464.91	19956.09	 3050.00	30954.00	 2327.00	   94.25	3	1	76745490

-23873.46	15894.70	 3223.00	28861.25	 2439.08	  106.86	1	2	76745490

-24251.32	19277.55	 3023.00	31126.98	 2358.64	   92.89	0	1	76745750

-23856.62	15686.11	 3043.00	28713.28	 2444.57	  101.39	2	1	76747190

-23989.42	19129.40	 3146.00	30843.54	 2357.18	   97.57	2	4	76747240

-23660.24	15684.14	 2955.00	28540.00	 2441.00	   99.05	3	2	76747480

-23566.73	19165.82	 2989.00	30523.00	 2348.00	   93.66	3	1	76747500

-22866.23	19650.40	 2929.00	30291.61	 2322.09	   92.48	1	1	76747510

-23680.59	19056.68	 2868.00	30531.18	 2352.92	   89.84	0	1	76747750

-23208.70	15555.49	 3034.00	28103.78	 2436.14	  103.29	0	2	76747750

-23488.41	15139.27	 2983.00	28103.40	 2453.28	  101.55	2	1	76749190

-23436.35	19001.19	 3022.00	30322.27	 2349.44	   95.33	2	4	76749240

-23304.05	15238.13	 2934.00	27998.00	 2447.00	  100.25	3	2	76749450

-23663.66	14798.97	 3296.00	28104.13	 2466.31	  112.25	1	2	76749490

-23302.98	18589.21	 2952.00	29955.00	 2357.00	   94.26	3	1	76749490

-22820.83	18752.34	 2975.00	29686.54	 2343.16	   95.86	0	1	76749750

-22998.21	15269.26	 3027.00	27771.04	 2440.31	  104.29	0	2	76749750

-23027.52	15019.46	 3035.00	27659.76	 2448.10	  104.99	2	1	76751170

-22954.24	18383.16	 3084.00	29569.39	 2355.17	   99.78	2	4	76751210

-22947.18	14697.92	 3024.00	27418.00	 2456.00	  105.54	3	2	76751450

-23135.89	17673.52	 2919.00	29259.93	 2377.06	   95.42	1	1	76751510

-22356.65	18973.23	 3015.00	29477.00	 2328.00	   97.84	3	3	76751490

-22289.78	14942.66	 3003.00	27002.51	 2436.05	  106.42	0	2	76751750

-22376.33	18374.74	 2863.00	29095.15	 2343.47	   94.12	0	1	76751750

-22601.19	14895.82	 2978.00	27231.74	 2443.54	  104.64	2	1	76753180

-22583.64	18121.96	 3010.00	29111.62	 2354.25	   98.91	2	4	76753220

-22493.09	14407.07	 3032.00	26883.00	 2456.00	  107.93	3	2	76753460

-22391.33	18093.35	 2983.00	28942.00	 2351.00	   98.60	3	3	76753500

-21885.76	18252.16	 2963.00	28651.48	 2336.21	   98.93	1	1	76753520

-21972.21	18037.87	 2977.00	28583.30	 2343.60	   99.64	0	1	76753770

-21850.41	14647.62	 2935.00	26468.99	 2436.06	  106.11	0	2	76753770

-22149.81	14438.12	 2957.00	26604.83	 2448.37	  106.36	2	1	76755170

-22158.94	17819.88	 3060.00	28599.48	 2353.24	  102.37	2	4	76755210

-21877.31	14337.94	 3030.00	26332.00	 2446.00	  110.13	3	2	76755450

-21697.75	17923.40	 2996.00	28302.23	 2340.69	  101.28	1	1	76755510

-21869.05	17937.88	 3127.00	28457.00	 2344.00	  105.14	3	3	76755490

-21706.32	17676.54	 2910.00	28144.13	 2347.37	   98.91	0	1	76755770

-21313.09	14348.20	 2949.00	25861.46	 2434.19	  109.13	0	2	76755770

-21776.60	14312.74	 3001.00	26231.30	 2444.75	  109.49	2	1	76757170

-21733.69	17498.15	 2951.00	28057.92	 2352.70	  100.62	2	4	76757210

-21351.03	14089.11	 3026.00	25759.00	 2443.00	  112.44	3	2	76757450

-21899.63	13355.13	 3216.00	25851.42	 2477.06	  119.10	1	2	76757490

-21277.20	17790.51	 3086.00	27906.00	 2335.00	  105.82	3	3	76757490

-21247.00	17387.81	 3000.00	27618.31	 2345.07	  103.93	0	1	76757770

-21073.19	14058.11	 3058.00	25515.90	 2438.21	  114.72	0	2	76757770

-21298.94	13759.68	 3081.00	25543.41	 2452.27	  115.46	2	1	76759160

-21264.62	17109.60	 2993.00	27456.88	 2353.00	  104.30	2	4	76759190

-21104.22	13642.49	 3106.00	25321.00	 2452.00	  117.43	3	2	76759450

-21064.61	17351.98	 3085.00	27465.00	 2342.00	  107.49	3	3	76759490

-21152.94	17187.92	 2965.00	27416.46	 2348.40	  103.47	1	1	76759510

-20923.65	17062.29	 3046.00	27169.82	 2346.74	  107.28	0	1	76759770

-20626.32	13743.81	 2950.00	24960.77	 2438.73	  113.12	0	2	76759800

-20895.24	13253.18	 3099.00	24937.15	 2460.24	  118.98	2	1	76761160

-20923.18	17049.65	 2925.00	27148.21	 2347.07	  103.09	2	4	76761200

-20809.70	13145.18	 3098.00	24808.00	 2462.00	  119.56	3	2	76761460

-20665.15	16803.61	 2993.00	26802.39	 2348.07	  106.86	1	1	76761510

-20516.34	17154.33	 3142.00	26927.00	 2335.00	  111.68	3	3	76761500

-20508.48	13195.10	 3222.00	24598.58	 2454.05	  125.44	1	2	76761490

-20632.54	16777.27	 3076.00	26770.14	 2348.06	  109.97	0	1	76761790

-20426.81	13383.55	 3013.00	24605.93	 2446.12	  117.23	0	2	76761790

-20483.10	12917.23	 3136.00	24418.16	 2462.72	  122.98	2	1	76763160

-20447.58	16655.19	 2977.00	26539.81	 2347.27	  107.34	2	4	76763190

-20533.53	12671.87	 3059.00	24322.00	 2472.00	  120.42	3	2	76763450

-20074.47	16749.17	 3156.00	26334.00	 2336.00	  114.72	3	3	76763490

-20120.71	13261.94	 3093.00	24295.86	 2443.51	  121.90	1	2	76763490

-20106.72	16639.87	 2952.00	26265.56	 2339.83	  107.55	1	1	76763510

-19886.51	16484.91	 2930.00	25996.35	 2339.05	  107.86	0	1	76763800

-20068.35	13034.70	 3044.00	24122.77	 2449.93	  120.82	0	2	76763800

-20086.81	12646.39	 3134.00	23942.29	 2463.43	  125.36	2	1	76765160

-20136.45	12339.63	 3114.00	23821.00	 2475.00	  125.19	3	2	76765450

-19680.94	16351.04	 3132.00	25778.00	 2338.00	  116.31	3	3	76765490

-19517.38	12691.96	 2994.00	23472.93	 2449.41	  122.14	0	2	76765810

-19470.37	16192.58	 2844.00	25483.00	 2337.52	  106.80	0	1	76765790

-19714.30	12498.23	 3032.00	23538.32	 2460.44	  123.35	2	1	76767140

-19615.23	15955.70	 3089.00	25473.19	 2347.90	  116.08	2	4	76767180

-19627.82	12312.51	 3134.00	23381.00	 2465.00	  128.39	3	2	76767460

-19264.19	16004.81	 3023.00	25227.00	 2338.00	  114.71	3	3	76767500

-19292.90	12943.16	 3146.00	23444.38	 2435.72	  128.53	1	2	76767500

-18984.86	16213.30	 2923.00	25136.42	 2325.04	  111.30	1	1	76767520

-18966.30	15922.01	 2993.00	24943.72	 2333.11	  114.86	0	1	76767810

-19087.87	12500.62	 2945.00	23006.20	 2446.32	  122.58	0	2	76767810

-19208.96	12169.62	 3086.00	22947.92	 2460.74	  128.81	2	1	76769140

-19200.44	15635.76	 3088.00	24953.35	 2347.38	  118.48	2	4	76769180

-19008.46	12287.72	 3226.00	22863.00	 2452.00	  135.19	3	2	76769450

-19255.10	11818.06	 3182.00	22815.58	 2474.33	  133.62	1	2	76769490

-18925.80	15590.14	 3129.00	24719.00	 2342.00	  121.20	3	3	76769490

-19204.18	15361.74	 2932.00	24766.51	 2355.72	  113.32	1	1	76769510

-18593.38	15632.18	 2879.00	24461.55	 2332.42	  112.65	0	1	76769820

-18540.21	12189.18	 3027.00	22393.71	 2444.62	  129.48	0	2	76769820

-18704.38	11729.34	 3060.00	22288.90	 2465.14	  131.52	2	1	76771130

-18676.66	15083.76	 3049.00	24199.88	 2351.25	  120.63	2	4	76771170

-18434.18	12247.64	 3150.00	22355.00	 2440.00	  135.01	3	2	76771450

-18407.32	11732.52	 3036.00	22038.57	 2458.12	  131.97	1	2	76771500

-18562.22	15388.78	 2963.00	24293.00	 2339.00	  116.76	3	3	76771490

-18051.49	15270.04	 2938.00	23825.67	 2329.53	  118.06	0	1	76771810

-18141.64	11908.75	 3029.00	21911.47	 2445.30	  132.43	0	2	76771830

-18436.66	11770.90	 3026.00	22082.15	 2457.40	  131.27	2	1	76773120

-18121.16	14505.87	 3000.00	23405.05	 2355.38	  122.74	2	4	76773160

-17896.26	11917.28	 3180.00	21735.00	 2439.00	  140.22	3	2	76773450

-17705.55	15462.23	 3017.00	23699.57	 2314.49	  121.90	1	1	76773510

-17997.27	15176.59	 3012.00	23734.00	 2331.00	  121.51	3	3	76773490

-17478.14	14906.57	 2968.00	23162.48	 2325.67	  122.70	0	1	76773820

-17755.16	11616.84	 2982.00	21426.37	 2446.73	  133.33	0	2	76773840

-18101.28	11478.94	 3037.00	21648.23	 2460.32	  134.41	2	1	76775120

-17802.03	14269.34	 2926.00	23001.90	 2354.76	  121.80	2	4	76775160

-17486.76	11591.80	 3163.00	21217.00	 2441.00	  142.89	3	2	76775460

-17555.38	11374.95	 2994.00	21131.61	 2450.98	  135.75	1	2	76775510

-17379.17	15064.93	 3057.00	23202.00	 2318.00	  126.18	3	3	76775500

-16766.15	15436.47	 3106.00	23000.78	 2289.41	  129.35	1	1	76775520

-17391.90	14609.76	 3045.00	22917.14	 2332.81	  127.26	0	1	76775840

-17413.85	11253.16	 3063.00	20958.47	 2452.15	  140.06	0	2	76775850

-17738.53	11238.72	 2969.00	21208.00	 2460.71	  134.13	2	1	76777120

-17616.11	14595.01	 3054.00	23079.61	 2339.30	  126.73	2	4	76777160

-17140.51	11362.28	 2971.00	20778.00	 2441.00	  137.01	3	2	76777450

-16968.20	14865.00	 3014.00	22759.00	 2313.00	  126.84	3	3	76777490

-16140.00	15568.00	 3009.00	22625.57	 2267.22	  127.37	1	1	76777510

-16876.39	14306.13	 2985.00	22324.61	 2328.53	  128.07	0	1	76777840

-17128.01	10956.47	 3015.00	20554.88	 2456.56	  140.58	0	2	76777850

-17195.22	10890.76	 3119.00	20591.57	 2460.86	  145.20	2	1	76779110

-17201.44	14351.66	 2961.00	22597.06	 2336.01	  125.49	2	4	76779150

-16923.12	10814.46	 3085.00	20319.00	 2457.00	  145.55	3	2	76779450

-16700.99	14385.42	 2898.00	22232.00	 2321.00	  124.83	3	3	76779490

-16455.56	14032.99	 2918.00	21822.58	 2325.72	  128.07	0	1	76779840

-16788.76	10675.70	 3023.00	20123.90	 2459.14	  143.99	0	2	76779850

-16829.55	10544.85	 3108.00	20101.92	 2465.50	  148.24	2	1	76781090

-16771.44	13988.17	 3045.00	22050.45	 2336.17	  132.29	2	4	76781140

-16617.16	10375.49	 2942.00	19810.00	 2467.00	  142.34	3	2	76781460

-16441.51	13894.15	 3021.00	21737.00	 2330.00	  133.15	3	3	76781500

-16304.30	10592.71	 3080.00	19685.58	 2449.81	  150.02	1	2	76781510

-15912.13	14304.13	 3059.00	21613.92	 2300.77	  135.61	1	1	76781520

-16128.45	13780.48	 3139.00	21444.86	 2324.81	  140.28	0	1	76781860

-16431.27	10353.12	 3107.00	19667.93	 2463.09	  151.49	0	2	76781880

-16494.43	10185.91	 3083.00	19629.67	 2471.72	  150.60	2	1	76783100

-16344.40	13689.41	 3015.00	21532.06	 2334.20	  134.15	2	4	76783140

-16126.91	10045.93	 2985.00	19233.00	 2468.00	  148.81	3	2	76783450

-16220.31	13418.61	 2950.00	21257.00	 2340.00	  132.95	3	3	76783490

-15987.31	 9959.47	 2980.00	19070.01	 2467.98	  149.84	1	2	76783500

-15704.42	13489.20	 3031.00	20923.06	 2322.32	  138.82	0	1	76783860

-16020.44	 9989.98	 3114.00	19135.08	 2467.55	  156.10	0	2	76783880

-15978.99	 9695.66	 3041.00	18936.25	 2479.19	  154.02	2	1	76785090

-16018.48	13461.61	 3009.00	21139.08	 2332.62	  136.39	2	4	76785130

-15714.64	 9789.11	 2983.00	18753.00	 2468.00	  152.55	3	2	76785450

-15848.42	13110.95	 3005.00	20787.00	 2340.00	  138.53	3	3	76785490

-15409.63	 9635.24	 3027.00	18424.36	 2466.39	  157.60	1	2	76785500

-15640.45	13239.22	 3180.00	20736.75	 2329.22	  147.02	1	1	76785520

-15510.12	13292.56	 3061.00	20654.92	 2323.38	  142.04	0	1	76785880

-15430.09	 9629.76	 2980.00	18430.96	 2467.20	  155.08	0	2	76785900

-15421.90	 9309.39	 3133.00	18284.29	 2481.38	  164.44	2	1	76787080

-15586.84	13047.89	 2971.00	20543.21	 2334.45	  138.59	2	4	76787120

-15237.93	 9536.52	 3026.00	18229.00	 2466.00	  159.25	3	2	76787450

-15441.15	12883.36	 2935.00	20323.00	 2336.00	  138.39	3	3	76787500

-14826.58	 9473.97	 2981.00	17845.73	 2457.03	  160.27	1	2	76787510

-14878.85	13140.46	 3113.00	20093.35	 2309.17	  148.54	1	1	76787520

-14856.40	12910.39	 2992.00	19908.36	 2316.82	  144.06	0	1	76787890

-14862.43	 9290.73	 3077.00	17795.44	 2466.50	  165.95	0	2	76787900

-15109.87	 9049.29	 3098.00	17882.82	 2484.71	  166.27	2	1	76789080

-15034.10	12463.38	 2924.00	19746.13	 2339.02	  141.93	2	4	76789120

-14799.90	 9283.96	 3073.00	17739.00	 2465.00	  166.27	3	2	76789450

-14397.52	 9268.14	 3112.00	17403.21	 2453.82	  171.68	1	2	76789510

-14872.01	12648.12	 3018.00	19755.00	 2327.00	  146.46	3	3	76789490

-14661.09	12666.25	 3075.00	19617.26	 2319.58	  150.30	1	1	76789520

-14429.74	12627.61	 2987.00	19406.08	 2313.51	  147.57	0	1	76789890

-14325.58	 8945.80	 3099.00	17171.29	 2466.95	  173.29	0	2	76789910

-14667.79	 8630.41	 3071.00	17293.33	 2492.13	  170.48	2	1	76791080

-14549.85	11992.96	 3015.00	19095.01	 2341.71	  151.41	2	4	76791110

-14453.85	 8815.74	 2925.00	17181.00	 2477.00	  163.37	3	2	76791440

-13957.48	 9105.61	 3027.00	16937.71	 2448.00	  171.58	1	2	76791500

-14300.01	12501.09	 2985.00	19227.00	 2314.00	  148.86	3	3	76791500

-14449.92	12078.24	 3105.00	19087.30	 2335.15	  156.04	1	1	76791520

-13935.63	12299.31	 3025.00	18831.50	 2309.48	  154.06	0	1	76791890

-14010.60	 8648.42	 3078.00	16750.11	 2471.90	  176.48	0	2	76791910

-14346.84	 8517.57	 2998.00	16951.96	 2488.38	  169.77	2	1	76793080

-14024.06	 8493.27	 2946.00	16658.00	 2480.00	  169.77	3	2	76793440

-13837.18	12276.59	 3032.00	18745.00	 2307.00	  155.14	3	3	76793500

-13799.03	 8569.97	 3034.00	16524.61	 2469.29	  176.33	1	2	76793500

-14272.77	11532.81	 3056.00	18602.61	 2351.01	  157.59	1	1	76793520

-13542.38	11912.59	 3051.00	18292.47	 2311.06	  160.02	0	1	76793890

-13732.59	 8370.42	 3048.00	16368.81	 2477.27	  178.86	0	2	76793920

-13911.12	 8206.11	 3054.00	16437.35	 2491.06	  178.46	2	1	76795050

-13693.23	11520.31	 2961.00	18138.07	 2332.09	  156.59	2	4	76795090

-13592.68	 8212.58	 2874.00	16139.00	 2481.00	  170.96	3	2	76795450

-13567.07	11860.35	 3070.00	18280.00	 2314.00	  161.14	3	3	76795510

-13648.48	 7995.46	 3017.00	16103.13	 2493.96	  179.97	1	2	76795510

-13255.78	11771.91	 3084.00	17994.57	 2306.55	  164.47	1	1	76795530

-13100.10	11610.23	 3018.00	17762.84	 2307.51	  163.04	0	1	76795910

-13361.15	 8130.64	 2993.00	15924.38	 2477.97	  180.55	0	2	76795940

-13544.83	 8010.80	 3139.00	16046.45	 2489.98	  188.02	2	1	76797050

-13351.70	11269.58	 2945.00	17718.48	 2330.56	  159.46	2	4	76797090

-13268.12	 7865.51	 2940.00	15702.00	 2489.00	  179.86	3	2	76797440

-13084.40	11584.24	 2939.00	17721.00	 2308.00	  159.11	3	3	76797510

-13472.23	 7302.52	 3040.00	15622.72	 2525.67	  187.01	1	2	76797500

-12616.83	11260.19	 2891.00	17156.17	 2304.20	  161.69	0	1	76797920

-12988.18	 7756.09	 3079.00	15437.94	 2485.93	  191.74	0	2	76797950

-12923.40	 7471.91	 3153.00	15257.30	 2499.41	  198.77	2	1	76799050

-12870.63	 7575.33	 2929.00	15219.00	 2492.00	  184.94	3	2	76799440

-12669.78	11217.17	 2996.00	17185.00	 2308.00	  167.34	3	3	76799500

-12486.07	 7468.44	 2960.00	14847.26	 2485.24	  191.66	1	2	76799500

-12698.25	11029.55	 3146.00	17111.22	 2317.05	  176.57	1	1	76799520

-12087.97	10876.39	 3067.00	16547.54	 2300.33	  178.02	0	1	76799920

-12458.44	 7486.49	 2985.00	14838.15	 2483.29	  193.42	0	2	76799950

-12590.94	 7122.41	 3144.00	14803.55	 2508.40	  204.37	2	1	76801030

-12762.95	11029.90	 2994.00	17132.30	 2319.43	  167.74	2	4	76801070

-12423.91	 7294.90	 2969.00	14710.00	 2493.00	  194.07	3	2	76801440

-12221.88	10935.30	 2927.00	16659.00	 2303.00	  168.66	3	3	76801510

-12246.21	 7097.94	 3092.00	14488.30	 2498.39	  205.37	1	2	76801510

-11990.11	10920.76	 3070.00	16506.08	 2294.54	  178.65	1	1	76801520

-11644.28	10607.27	 3076.00	16048.84	 2294.47	  184.17	0	1	76801940

-11974.87	 7204.46	 2990.00	14291.32	 2482.79	  201.28	0	2	76801970

-12140.47	 6852.75	 3045.00	14269.66	 2509.29	  205.35	2	1	76803030

-12262.10	10631.90	 3170.00	16536.19	 2317.88	  184.20	2	5	76803080

-12067.26	 7000.78	 2991.00	14268.00	 2498.00	  201.68	3	2	76803450

-11870.34	10665.61	 2953.00	16229.00	 2301.00	  174.73	3	3	76803510

-11604.03	 7162.42	 3032.00	13969.50	 2471.93	  208.92	1	2	76803510

-11828.00	10397.39	 3016.00	16034.44	 2311.38	  180.69	1	1	76803520

-11278.52	10248.63	 2959.00	15524.02	 2295.65	  183.14	0	1	76803960

-11515.46	 6914.89	 2975.00	13757.63	 2483.60	  208.14	0	2	76803980

-11763.53	 6588.08	 3171.00	13850.58	 2512.49	  220.58	2	1	76805030

-11745.55	10344.38	 2575.00	15861.74	 2310.49	  155.71	2	5	76805060

-11655.49	 6615.86	 2959.00	13725.00	 2507.00	  207.50	3	2	76805440

-11470.22	10415.16	 2952.00	15772.00	 2296.00	  179.79	3	3	76805500

-11369.53	 6742.91	 2970.00	13548.21	 2488.82	  211.05	1	2	76805500

-10989.38	10549.78	 3137.00	15553.30	 2269.49	  193.93	1	1	76805520

-10892.59	 9895.40	 2991.00	15017.11	 2295.77	  191.48	0	1	76805950

-10971.40	 6502.08	 2993.00	13099.88	 2489.12	  220.12	0	2	76805980

-11280.42	 6147.49	 3132.00	13223.04	 2523.52	  228.35	2	1	76807010

-11397.80	 9813.65	 2853.00	15308.73	 2321.19	  179.01	2	5	76807050

-11247.09	 6275.48	 2986.00	13221.00	 2514.00	  217.55	3	2	76807430

-11020.84	10112.90	 2972.00	15250.00	 2291.00	  187.30	3	3	76807510

-11010.29	 6422.83	 3110.00	13120.64	 2495.72	  228.52	1	2	76807500

-10806.17	10005.33	 3053.00	15039.97	 2286.73	  195.20	1	1	76807520

-10351.32	 9453.36	 2945.00	14324.41	 2293.27	  197.74	0	1	76807950

-10409.40	 6136.57	 2963.00	12441.56	 2491.33	  229.63	0	2	76807990

-10843.89	 5768.63	 3096.00	12666.97	 2533.14	  235.79	2	1	76809010

-10969.40	 9795.77	 2948.00	14999.19	 2303.91	  188.92	2	5	76809050

-10849.54	 6098.44	 3053.00	12815.00	 2511.00	  229.71	3	2	76809440

-10703.47	 9698.51	 3019.00	14756.00	 2297.00	  196.76	3	3	76809520

-10693.05	 5887.68	 2994.00	12568.62	 2519.37	  229.68	1	2	76809510

-10552.05	 9512.75	 3096.00	14540.41	 2299.42	  204.90	1	1	76809520

-10011.66	 9227.32	 3012.00	13944.49	 2288.91	  207.90	0	1	76809970

-9997.11	 5832.61	 3014.00	11960.17	 2495.66	  243.27	0	2	76810010

-10377.02	 5464.76	 3117.00	12135.15	 2537.13	  248.06	2	1	76811010

-10549.05	 9306.08	 3045.00	14392.97	 2309.70	  203.56	2	5	76811040

-10389.11	 5911.43	 2934.00	12308.00	 2506.00	  229.85	3	2	76811430

-10276.53	 9253.03	 3037.00	14158.00	 2300.00	  206.44	3	3	76811510

-10157.82	 5613.63	 3022.00	11992.78	 2517.89	  243.25	1	2	76811500

-10232.00	 9185.92	 3083.00	14091.83	 2301.39	  210.62	1	1	76811520

-9862.24	 9050.99	 3018.00	13721.97	 2290.93	  211.76	0	1	76811980

-9584.51	 5499.05	 3040.00	11460.54	 2502.59	  256.37	0	2	76812020

-10111.12	 5236.34	 3076.00	11794.73	 2543.69	  251.95	2	1	76813000

-10200.57	 9054.17	 2919.00	13948.12	 2306.79	  201.33	2	5	76813030

-10004.62	 5637.31	 2912.00	11847.00	 2510.00	  237.15	3	2	76813430

-9947.51	 8881.62	 3010.00	13671.00	 2304.00	  211.99	3	3	76813510

-9598.36	 5409.39	 3069.00	11437.17	 2509.92	  259.42	1	2	76813500

-9672.42	 8950.22	 3111.00	13540.33	 2287.01	  221.38	1	1	76813530

-9414.70	 8832.87	 3085.00	13273.03	 2280.44	  224.00	0	1	76813980

-9734.30	 5026.26	 3134.00	11394.82	 2544.84	  266.07	2	1	76815000

-9694.40	 8651.93	 2961.00	13326.85	 2304.20	  213.95	2	5	76815020

-9578.22	 5226.55	 2934.00	11299.00	 2523.00	  250.84	3	2	76815440

-9565.12	 8612.47	 3017.00	13220.00	 2300.00	  219.87	3	3	76815510

-9122.70	 5126.23	 3132.00	10922.97	 2511.12	  277.71	1	2	76815510

-9122.99	 8659.20	 3094.00	12953.13	 2274.90	  230.32	1	1	76815540

-8938.73	 8544.03	 3034.00	12732.11	 2271.56	  229.77	0	1	76816000

-8831.73	 4897.53	 3050.00	10549.30	 2516.50	  280.09	0	2	76816040

-9404.93	 4758.47	 3000.00	10958.82	 2552.71	  264.79	2	1	76817000

-9199.56	 8340.54	 3036.00	12783.34	 2296.73	  228.98	2	5	76817030

-9171.82	 4930.26	 3009.00	10839.00	 2529.00	  268.63	3	2	76817430

-9095.28	 8381.14	 2993.00	12725.00	 2289.00	  226.73	3	3	76817510

-8538.35	 5027.00	 3089.00	10378.63	 2491.87	  288.59	1	2	76817510

-8859.62	 8219.07	 3024.00	12457.55	 2285.80	  234.14	1	1	76817530

-8403.27	 8191.60	 3028.00	12119.66	 2262.18	  241.14	0	1	76818010

-8557.74	 4522.73	 2972.00	10125.35	 2535.73	  284.48	0	2	76818050

-8964.16	 4388.28	 3071.00	10442.43	 2565.28	  285.05	2	1	76818980

-8781.20	 7851.70	 2901.00	12131.55	 2303.31	  230.59	2	5	76819010

-8728.81	 4528.45	 2969.00	10272.00	 2543.00	  280.01	3	2	76819430

-8657.23	 8129.68	 2896.00	12224.00	 2280.00	  228.40	3	3	76819510

-7988.21	 4947.12	 3121.00	 9900.82	 2470.50	  306.24	1	2	76819500

-8509.53	 7855.52	 2939.00	11948.18	 2288.14	  237.33	1	1	76819530

-7915.14	 7902.02	 2945.00	11565.65	 2250.79	  245.86	0	1	76820000

-8144.27	 4221.04	 2997.00	 9650.30	 2543.38	  301.55	0	2	76820050

-8532.42	 4176.69	 3065.00	 9982.04	 2565.30	  298.03	2	1	76820960

-8341.22	 7518.68	 2853.00	11586.46	 2299.48	  237.58	2	5	76820990

-8228.44	 4279.80	 2911.00	 9721.00	 2542.00	  290.41	3	2	76821420

-8156.78	 7871.42	 2918.00	11705.00	 2267.00	  240.60	3	3	76821510

-7625.86	 4653.45	 3025.00	 9431.80	 2476.79	  311.78	1	2	76821500

-8212.21	 7546.78	 2953.00	11537.53	 2290.30	  247.16	1	1	76821530

-7647.15	 7673.35	 2959.00	11230.08	 2248.37	  254.62	0	1	76822010

-7634.08	 3917.00	 3086.00	 9118.42	 2547.30	  329.69	0	2	76822060

-8204.01	 3905.93	 3119.00	 9606.78	 2575.68	  315.76	2	1	76822960

-7967.65	 7280.93	 2899.00	11175.84	 2292.98	  250.57	2	5	76822990

-7704.47	 7608.26	 2978.00	11230.00	 2256.00	  256.30	3	3	76823530

-7330.03	 4188.08	 2981.00	 8952.97	 2504.30	  324.14	1	2	76823510

-7908.17	 4060.76	 2980.00	 9376.00	 2547.00	  308.87	3	2	76823420

-7718.51	 7244.26	 2954.00	10990.04	 2280.26	  259.87	1	1	76823530

-7484.75	 7424.55	 2926.00	10941.07	 2253.86	  258.53	0	1	76824030

-7154.08	 3573.67	 3004.00	 8542.60	 2557.61	  343.14	0	2	76824080

-7758.56	 3536.95	 3044.00	 9053.79	 2591.55	  327.44	2	1	76824960

-7676.02	 7011.64	 2913.00	10796.75	 2293.17	  260.88	2	5	76824990

-7304.93	 7320.24	 2913.00	10744.00	 2249.00	  262.19	3	3	76825520

-7128.06	 3633.92	 3020.00	 8551.90	 2549.79	  344.66	1	2	76825510

-7545.37	 3814.75	 2981.00	 8965.00	 2553.00	  323.69	3	2	76825410

-7347.21	 6959.58	 2866.00	10518.13	 2275.87	  263.53	1	1	76825530

-7108.57	 7070.63	 2961.00	10454.33	 2252.56	  274.22	0	1	76826040

-6712.53	 3256.51	 3032.00	 8053.32	 2568.67	  368.61	0	2	76826090

-7170.71	 3056.87	 3153.00	 8408.63	 2615.19	  367.04	2	1	76826950

-7120.63	 6653.89	 2924.00	10174.84	 2282.35	  278.35	2	5	76826980

-7029.50	 3052.16	 3011.00	 8233.81	 2608.83	  357.50	1	2	76827510

-6859.66	 7034.27	 2913.00	10248.00	 2238.00	  275.23	3	3	76827520

-7183.85	 3500.70	 2983.00	 8530.00	 2567.00	  341.16	3	2	76827410

-6853.31	 6800.64	 2925.00	10088.22	 2253.68	  280.91	1	1	76827530

-6441.60	 6447.61	 3016.00	 9600.11	 2249.55	  305.17	0	1	76828040

-6242.58	 2878.24	 2984.00	 7493.88	 2587.45	  391.09	0	2	76828090

-6702.19	 2762.20	 3179.00	 7915.50	 2626.70	  394.66	2	1	76828930

-6755.97	 6370.66	 3072.00	 9780.88	 2278.02	  305.09	2	5	76828960

-6432.77	 2819.38	 2926.00	 7608.61	 2605.55	  376.95	1	2	76829510

-6498.15	 6705.57	 2935.00	 9788.00	 2235.00	  290.82	3	3	76829520

-6179.63	 6798.38	 2959.00	 9652.02	 2204.51	  297.54	1	1	76829540

-5900.00	 6198.79	 2916.00	 9040.91	 2226.42	  313.60	0	1	76830060

-5904.41	 2603.80	 2926.00	 7085.43	 2603.38	  406.52	0	2	76830100

-6219.05	 2438.87	 3106.00	 7366.94	 2643.11	  415.61	2	1	76830940

-6236.14	 5960.23	 3035.00	 9144.67	 2271.60	  323.06	2	5	76830960

-5872.08	 2694.44	 3037.00	 7138.96	 2589.19	  419.61	1	2	76831510

-6529.30	 2825.48	 2882.00	 7676.00	 2610.00	  367.54	3	2	76831410

-5970.43	 6261.43	 3027.00	 9165.93	 2227.29	  321.39	1	1	76831530

-6120.61	 6355.81	 2903.00	 9289.00	 2232.00	  303.52	3	3	76831530

-5388.20	 5881.53	 2944.00	 8502.48	 2208.23	  337.64	0	1	76832060

-5790.20	 2169.96	 3173.00	 6950.04	 2657.60	  452.74	2	1	76832930

-5751.80	 5654.31	 3013.00	 8610.03	 2258.16	  341.39	2	5	76832950

-5422.58	 2447.09	 2996.00	 6660.98	 2595.19	  445.50	1	2	76833510

-6089.70	 2537.39	 2936.00	 7221.00	 2623.00	  399.85	3	2	76833400

-5312.01	 6045.82	 2911.00	 8558.23	 2188.39	  331.42	1	1	76833530

-4847.92	 5571.15	 3052.00	 7990.92	 2183.82	  374.23	0	1	76834060

-5128.09	 2085.72	 3027.00	 6309.54	 2631.12	  477.82	0	2	76834110

-5237.60	 1862.25	 2970.00	 6302.49	 2673.78	  468.58	2	1	76834910

-5301.33	 5332.08	 3082.00	 8126.13	 2247.24	  371.48	2	5	76834940

-4945.03	 2251.96	 2935.00	 6175.67	 2591.93	  472.93	1	2	76835510

-4720.21	 5886.59	 2920.00	 8090.66	 2145.41	  352.60	1	1	76835550

-5469.99	 5898.79	 2887.00	 8547.00	 2214.00	  329.03	3	3	76835530

-4373.19	 5330.21	 3053.00	 7540.34	 2156.12	  398.07	0	1	76836070

-4867.82	 2006.31	 2995.00	 6057.30	 2626.68	  493.89	0	2	76836120

-4872.53	 1626.53	 3162.00	 6032.03	 2692.34	  526.91	2	1	76836930

-4865.60	 5069.71	 3019.00	 7647.90	 2230.38	  387.50	2	5	76836950

-4558.08	 1968.01	 2971.00	 5785.84	 2610.78	  514.95	1	2	76837510

-4433.27	 5413.63	 3025.00	 7623.12	 2155.24	  389.66	1	1	76837550

-5113.06	 5714.63	 2997.00	 8233.00	 2197.00	  355.79	3	3	76837560

-4079.36	 5243.82	 3042.00	 7307.02	 2131.34	  410.03	0	1	76838090

-4361.08	 1694.24	 3018.00	 5567.57	 2646.15	  547.08	0	2	76838140

-4539.12	 1311.67	 3028.00	 5611.85	 2731.37	  544.24	2	1	76838930

-4504.69	 4852.91	 2973.00	 7258.21	 2214.48	  403.00	2	5	76838950

-4294.68	 1471.38	 2902.00	 5388.03	 2684.81	  543.14	1	2	76839510

-3994.25	 5064.88	 2885.00	 7066.13	 2137.66	  401.62	1	1	76839550

-3737.29	 4971.87	 2982.00	 6897.77	 2115.53	  426.91	0	1	76840090

-3815.02	 1182.84	 3093.00	 5051.75	 2712.90	  629.22	0	2	76840150

-4158.89	  960.83	 2962.00	 5195.48	 2783.18	  579.30	2	1	76840890

-4082.11	 4505.68	 3048.00	 6801.11	 2202.94	  443.76	2	5	76840920

-3931.75	 1010.26	 2988.00	 5040.58	 2759.83	  605.92	1	2	76841510

-3647.91	 4768.47	 2825.00	 6635.23	 2123.60	  419.98	1	1	76841540

-3434.64	 4589.92	 2958.00	 6450.88	 2113.46	  454.88	0	1	76842090

-3375.26	  824.59	 3120.00	 4669.77	 2771.19	  698.71	0	2	76842140

-3897.39	  641.99	 3015.00	 4969.10	 2844.10	  622.58	2	1	76842890

-3732.50	 4252.75	 3102.00	 6452.89	 2187.87	  478.87	2	5	76842920

-3474.11	  660.15	 3051.00	 4670.53	 2820.68	  679.78	1	2	76843510

-3406.33	 4352.37	 3017.00	 6296.70	 2134.14	  477.15	1	1	76843550

-3087.85	 4205.87	 3045.00	 6041.21	 2104.75	  504.46	0	1	76844120

-3005.02	  512.42	 3112.00	 4356.29	 2838.71	  759.86	0	2	76844160

-3578.75	  309.96	 2988.00	 4672.44	 2917.50	  662.57	2	1	76844890

-3492.94	 3963.61	 3061.00	 6105.78	 2189.80	  501.47	2	5	76844910

-2882.71	  603.04	 2923.00	 4149.41	 2803.08	  746.40	1	2	76845510

-2792.26	 4166.32	 2924.00	 5805.57	 2063.83	  504.03	1	1	76845550

-2659.52	 3862.58	 3010.00	 5572.49	 2075.81	  544.90	0	1	76846120

-2698.01	  210.31	 3116.00	 4127.10	 2925.71	  817.10	0	2	76846170

-2965.08	  -74.49	 3052.00	 4255.81	 3023.98	  763.64	2	1	76846880

-2841.89	 3650.60	 3067.00	 5550.65	 2131.66	  559.03	2	5	76846900

-2468.87	  356.25	 3004.00	 3904.64	 2863.15	  838.25	1	2	76847510

-2428.19	 3791.35	 3060.00	 5443.72	 2043.96	  570.04	1	1	76847540

-2065.18	 3288.92	 3090.00	 4962.87	 2035.43	  641.80	0	1	76848120

-2196.06	 -120.79	 3177.00	 3864.01	 3052.47	  921.76	0	2	76848160

-2667.38	 -435.11	 3036.00	 4064.67	 3154.41	  805.41	2	1	76848870

-2463.37	 3309.14	 2972.00	 5084.43	 2111.07	  596.16	2	5	76848880

-2174.04	  -43.42	 2940.00	 3656.76	 3019.07	  891.88	1	2	76849510

-1872.37	 3507.82	 2952.00	 4952.26	 1968.20	  609.84	1	1	76849540

-1617.64	 3081.73	 2974.00	 4578.05	 1961.59	  675.22	0	1	76850120

-1738.00	 -506.87	 3058.00	 3553.72	 3270.98	  989.56	0	2	76850180

-2200.05	 -723.92	 2817.00	 3646.88	 3303.56	  842.89	2	1	76850880

-2283.94	 3068.07	 3021.00	 4874.00	 2111.08	  638.38	2	5	76850890

-1715.19	 -450.56	 2964.00	 3454.01	 3245.31	  985.13	1	2	76851510

-1136.18	 2749.72	 2971.00	 4204.61	 1874.17	  749.32	0	1	76852140

-1195.22	 -953.39	 3108.00	 3463.69	 3642.97	 1063.44	0	2	76852190

-1862.36	 -901.82	 2996.00	 3641.11	 3430.63	  922.81	2	1	76852870

-1795.15	 2720.14	 3033.00	 4452.06	 2057.05	  715.70	2	5	76852880

-1257.45	 -750.82	 3076.00	 3406.86	 3514.02	 1075.66	1	2	76853510

 -980.83	 3073.66	 3060.00	 4446.68	 1794.97	  724.74	1	1	76853550

 -695.67	 2307.75	 3070.00	 3903.15	 1779.59	  864.40	0	1	76854130

-1385.66	-1193.86	 2975.00	 3492.28	 3679.13	  973.61	2	1	76854860

-1327.15	 2432.23	 2957.00	 4052.28	 1976.99	  781.04	2	5	76854870

 -715.80	 -927.84	 2937.00	 3162.15	 3872.52	 1137.47	1	2	76855520

 -488.05	 2871.77	 2934.00	 4134.44	 1660.75	  753.44	1	1	76855550

 -509.93	 2208.49	 2912.00	 3690.15	 1716.69	  868.40	0	1	76856140

 -414.67	-1547.95	 3080.00	 3471.96	 4250.06	 1041.87	0	2	76856190

 -952.56	-1464.53	 3053.00	 3517.53	 3949.32	 1003.67	2	1	76856840

 -770.76	 2087.09	 2916.00	 3667.84	 1837.82	  877.61	2	5	76856850

 -192.23	-1207.00	 2992.00	 3232.01	 4349.18	 1129.67	1	2	76857530

 -167.76	 2519.15	 2958.00	 3888.96	 1563.50	  825.31	1	1	76857560

  -84.17	 1922.55	 2949.00	 3521.35	 1541.78	  947.89	0	1	76858160

  -34.88	-1829.77	 3064.00	 3568.95	 4481.80	  985.84	0	2	76858210

 -419.81	-1948.32	 2960.00	 3568.44	 4297.34	  934.11	2	1	76858850

 -457.27	 1798.92	 2969.00	 3501.45	 1737.70	  966.46	2	5	76858860

   99.27	-1570.84	 2944.00	 3338.34	 4560.26	 1031.16	1	2	76859520

   65.63	 1972.54	 3085.00	 3662.30	 1468.24	  956.51	1	1	76859550

  169.55	 1765.48	 2944.00	 3436.98	 1408.57	  982.22	0	1	76860160

  364.47	-2188.87	 3068.00	 3786.37	 4657.56	  902.05	0	2	76860210

  -15.89	-2311.91	 2954.00	 3751.17	 4493.44	  865.86	2	1	76860840

  -69.88	 1482.70	 3003.00	 3349.82	 1544.97	 1061.62	2	5	76860860

  359.55	-1934.09	 2986.00	 3575.78	 4675.52	  943.71	1	2	76861520

  526.54	 1742.22	 2973.00	 3485.87	 1219.73	  975.42	1	1	76861550

  652.14	 1534.62	 2932.00	 3372.98	 1116.28	 1006.22	0	1	76862160

  760.98	-2226.42	 3139.00	 3922.93	 4814.50	  885.77	0	2	76862210

  519.98	-2629.36	 3071.00	 4076.15	 4686.44	  814.77	2	1	76862830

  326.82	 1168.22	 3005.00	 3240.61	 1239.51	 1133.61	2	5	76862830

  753.63	-2164.83	 3049.00	 3814.55	 4819.90	  884.40	1	2	76863520

  997.08	 1570.87	 2938.00	 3477.59	  959.92	  960.91	1	1	76863550

 1097.88	 1277.44	 2999.00	 3439.65	  822.05	 1011.32	0	1	76864170

 1181.73	-2433.83	 3054.00	 4080.06	 4931.64	  807.70	0	2	76864210

  953.41	-2934.60	 3036.00	 4328.76	 4799.97	  742.26	2	1	76864850

  886.98	  885.26	 2967.00	 3220.79	  749.07	 1118.37	2	5	76864870

 1118.63	-2566.64	 3007.00	 4108.65	 4892.49	  784.06	1	2	76865530

 1356.33	 1237.28	 3026.00	 3539.38	  706.20	  979.24	1	1	76865560

 1666.06	  810.00	 2995.00	 3521.63	  432.13	  971.03	0	1	76866180

 1592.07	-2677.29	 3086.00	 4384.75	 5012.30	  745.55	0	2	76866230

 1455.07	-3222.41	 2991.00	 4631.11	 4905.02	  670.49	2	1	76866850

 1438.72	  490.16	 2986.00	 3350.58	  313.56	 1050.38	2	5	76866870

 1748.03	-2668.84	 3000.00	 4379.30	 5053.73	  720.65	1	2	76867520

 1734.60	  833.64	 2926.00	 3502.18	  427.81	  944.43	1	1	76867560

 2153.76	  270.29	 3008.00	 3709.42	  119.22	  903.08	0	1	76868200

 2029.16	-3126.25	 3136.00	 4870.87	 5049.77	  667.96	0	2	76868230

 1799.33	-3451.93	 2940.00	 4878.22	 4958.85	  617.70	2	1	76868810

 1747.31	  217.61	 3106.00	 3570.39	  118.32	 1007.51	2	5	76868810

 2095.32	-3125.86	 3003.00	 4814.50	 5063.91	  643.16	1	2	76869520

 2109.73	  390.61	 2962.00	 3657.46	  174.82	  901.36	1	1	76869560

 2574.51	  -63.80	 2969.00	 3930.28	 5976.34	  817.70	0	1	76870190

 2370.02	-3528.43	 3129.00	 5278.01	 5064.82	  605.98	0	2	76870230

 2258.00	-3744.64	 2883.00	 5237.62	 5018.16	  556.62	2	1	76870800

 2166.07	  -34.81	 3051.00	 3741.88	 5984.66	  910.39	2	5	76870810

 2455.04	-3560.52	 2993.00	 5259.52	 5076.45	  578.08	1	2	76871540

 2512.43	   65.16	 2966.00	 3887.64	   24.76	  828.72	1	1	76871570

 2921.12	 -185.04	 3051.00	 4227.98	 5939.59	  769.81	0	1	76872200

 2775.75	-3933.96	 3139.00	 5747.54	 5086.77	  551.72	0	2	76872240

 3013.84	-4085.68	 2944.00	 5868.83	 5106.91	  501.80	2	1	76872810

 2518.10	 -269.93	 3056.00	 3968.98	 5898.02	  839.19	2	5	76872810

 3004.96	-3689.56	 3006.00	 5628.38	 5152.69	  538.02	1	2	76873530

 2926.02	 -283.35	 3058.00	 4241.84	 5907.81	  768.83	1	1	76873560

 3305.13	 -411.48	 2908.00	 4421.50	 5881.72	  685.41	0	1	76874200

 3132.51	-4203.02	 3099.00	 6089.48	 5111.62	  509.85	0	2	76874250

 3199.36	-4364.95	 2965.00	 6170.89	 5104.00	  478.61	2	1	76874800

 2742.70	 -564.89	 2914.00	 4041.40	 5806.03	  769.00	2	5	76874810

 3414.34	-4040.16	 3126.00	 6144.31	 5170.02	  509.69	1	2	76875530

 3362.25	 -557.87	 3051.00	 4574.34	 5842.99	  697.24	1	1	76875570

 3777.05	-1039.41	 2935.00	 4894.97	 5743.56	  614.02	0	1	76876200

 3556.87	-4552.84	 3093.00	 6553.34	 5133.31	  469.37	0	2	76876240

 3835.09	-4912.22	 2632.00	 6765.00	 5133.00	  381.60	3	4	76876560

 3269.69	-4644.20	 2912.00	 6382.73	 5085.78	  452.40	2	1	76876790

 3452.54	-1032.51	 2982.00	 4677.44	 5722.50	  660.13	2	5	76876790

 3767.94	-4335.32	 3026.00	 6492.23	 5183.25	  463.02	1	2	76877530

 3824.70	 -806.70	 2966.00	 4906.75	 5801.50	  619.85	1	1	76877570

 4203.83	-1445.18	 2794.00	 5250.44	 5683.80	  535.84	0	1	76878200

 3984.76	-4967.87	 3144.00	 7102.31	 5145.56	  437.91	0	2	76878260

 3850.25	-1384.72	 2999.00	 5073.05	 5670.32	  603.99	2	5	76878800

 3668.84	-4990.72	 2869.00	 6826.33	 5105.35	  414.21	2	1	76878790

 4180.24	-4558.88	 3010.00	 6878.80	 5208.65	  432.49	1	2	76879530

 4219.22	-1052.30	 3008.00	 5287.46	 5766.60	  577.88	1	1	76879570

 4624.27	-1752.79	 3008.00	 5788.28	 5654.02	  521.84	0	1	76880220

 4448.17	-5314.39	 3175.00	 7622.96	 5165.49	  410.24	0	2	76880260

 4760.18	-5561.65	 2845.00	 7854.00	 5176.00	  353.96	3	4	76880550

 4259.20	-5366.09	 2980.00	 7471.01	 5140.66	  391.80	2	1	76880790

 4473.46	-4909.22	 3046.00	 7306.88	 5205.68	  410.62	1	2	76881530

 4808.60	-1218.14	 2894.00	 5742.98	 5763.08	  504.33	1	1	76881570

 4997.23	-1823.92	 2879.00	 6048.77	 5665.81	  473.70	0	1	76882210

 5193.89	-5966.47	 2689.00	 8355.00	 5184.00	  312.91	3	4	76882540

 5018.83	-5662.82	 2941.00	 8118.23	 5192.50	  354.00	2	1	76882790

 4382.34	-2088.16	 2996.00	 5704.50	 5575.38	  528.03	2	5	76882780

 4827.70	-5325.05	 3050.00	 7808.03	 5203.26	  383.22	1	2	76883530

 5133.48	-1580.11	 2917.00	 6112.14	 5714.86	  475.10	1	1	76883580

 5366.33	-1841.94	 2947.00	 6393.36	 5684.26	  457.47	0	1	76884230

 5356.86	-6019.23	 3124.00	 8642.13	 5194.46	  353.19	0	2	76884260

 5552.58	-6271.63	 2733.00	 8811.00	 5192.00	  301.17	3	4	76884540

 5358.99	-5925.24	 2961.00	 8520.26	 5202.12	  338.93	2	1	76884770

 4975.18	-2262.66	 3018.00	 6243.43	 5592.41	  481.78	2	5	76884770

 5116.44	-5718.94	 3065.00	 8263.08	 5196.96	  362.88	1	2	76885560

 5531.53	-1983.43	 2965.00	 6582.03	 5671.23	  446.23	1	1	76885590

 5825.27	-2138.22	 2922.00	 6858.85	 5664.06	  420.25	0	1	76886230

 5799.86	-6263.11	 3089.00	 9077.82	 5213.35	  331.57	0	2	76886270

 5971.48	-6453.13	 2819.00	 9233.00	 5213.00	  296.29	3	4	76886540

 5454.92	-6179.00	 2895.00	 8735.97	 5190.64	  322.55	2	1	76886780

 5275.26	-2467.14	 3033.00	 6566.15	 5582.26	  458.51	2	5	76886770

 5626.74	-5977.11	 3037.00	 8752.68	 5221.18	  338.38	1	2	76887560

 5851.51	-2351.19	 2997.00	 6982.14	 5635.15	  423.65	1	1	76887580

 6368.37	-2787.25	 3015.00	 7577.28	 5606.04	  390.78	0	1	76888230

 6177.79	-6659.28	 3096.00	 9596.68	 5214.20	  313.68	0	2	76888280

 6757.38	-2949.41	 2606.00	 7820.00	 5607.00	  324.43	3	5	76888400

 6346.82	-6801.37	 2889.00	 9741.00	 5217.00	  287.54	3	4	76888530

 5693.93	-2826.99	 3091.00	 7068.73	 5559.93	  432.17	2	5	76888770

 5553.38	-6496.26	 2977.00	 9050.08	 5175.43	  320.08	2	1	76888770

 6124.22	-6240.95	 3066.00	 9265.84	 5240.99	  322.05	1	2	76889550

 6291.78	-2593.71	 3026.00	 7447.86	 5626.61	  399.53	1	1	76889590

 6787.44	-3056.91	 3053.00	 8045.80	 5595.90	  371.66	0	1	76890230

 6577.35	-7183.39	 3119.00	10226.96	 5207.97	  295.95	0	2	76890270

 6687.24	-7106.26	 2869.00	10171.00	 5221.00	  273.07	3	4	76890530

 7050.30	-3308.61	 2913.00	 8315.00	 5581.00	  341.79	3	5	76890410

 6123.65	-3172.57	 3048.00	 7540.20	 5543.53	  397.38	2	5	76890750

 5782.63	-6859.97	 2976.00	 9452.76	 5168.82	  305.84	2	1	76890770

 6481.23	-6578.43	 2997.00	 9708.97	 5242.89	  299.67	1	2	76891550

 6727.01	-2918.57	 3074.00	 7951.11	 5609.10	  379.06	1	1	76891590

 7159.28	-3371.13	 2979.00	 8455.42	 5579.76	  343.82	0	1	76892230

 7022.66	-7250.55	 3112.00	10562.80	 5234.75	  285.58	0	2	76892280

 7204.50	-7372.42	 2873.00	10701.00	 5239.00	  259.56	3	4	76892530

 7504.86	-3455.02	 2857.00	 8742.00	 5588.00	  317.92	3	5	76892420

 6479.37	-3523.87	 2926.00	 7934.82	 5524.33	  360.65	2	5	76892770

 6985.42	-7147.06	 2996.00	10433.25	 5239.08	  278.13	2	1	76892770

 6790.42	-6911.84	 2984.00	10138.42	 5241.54	  285.29	1	2	76893560

 7282.48	-3113.10	 2881.00	 8427.70	 5614.24	  333.16	1	1	76893590

 7570.37	-3903.05	 2984.00	 9024.89	 5545.43	  321.80	0	1	76894250

 7493.47	-7380.36	 3077.00	10958.54	 5257.26	  271.78	0	2	76894290

 7680.59	-7616.51	 2897.00	11198.00	 5254.00	  249.89	3	4	76894520

 7944.00	-3809.54	 2815.00	 9249.00	 5573.00	  295.32	3	5	76894410

 7191.25	-3861.85	 2946.00	 8677.95	 5529.39	  330.75	2	5	76894770

 7301.37	-7491.42	 3052.00	10897.07	 5237.73	  271.08	2	1	76894790

 7226.89	-7099.69	 2980.00	10560.01	 5258.48	  273.19	1	2	76895550

 7583.00	-3435.70	 2944.00	 8830.23	 5593.76	  324.59	1	1	76895600

 7965.50	-4111.68	 2971.00	 9443.62	 5544.96	  305.61	0	1	76896240

 7845.32	-7449.81	 2995.00	11225.81	 5274.69	  257.89	0	2	76896280

 8006.27	-7956.12	 2917.00	11658.00	 5253.00	  241.50	3	4	76896520

 7735.85	-4092.00	 3077.00	 9276.63	 5535.38	  322.86	2	5	76896760

 7496.47	-7902.37	 2956.00	11286.38	 5224.84	  253.06	2	1	76896780

 7751.04	-7324.48	 2987.00	11074.70	 5277.01	  260.79	1	2	76897550

 8001.40	-3763.43	 3028.00	 9346.36	 5580.17	  315.06	1	1	76897600

 8334.07	-4546.84	 2901.00	 9927.05	 5523.07	  283.19	0	1	76898240

 8253.79	-7584.18	 3015.00	11607.54	 5290.35	  250.92	0	2	76898280

 8488.10	-4460.14	 2912.00	10021.00	 5538.00	  281.55	3	5	76898430

 8360.03	-8272.94	 3008.00	12140.00	 5255.00	  239.10	3	4	76898530

 8269.27	-4392.16	 3008.00	 9834.63	 5533.76	  296.83	2	5	76898760

 7978.57	-8078.87	 2958.00	11733.52	 5244.04	  243.36	2	1	76898760

 8259.19	-7692.98	 2916.00	11657.58	 5283.88	  241.43	1	2	76899560

 8427.57	-4127.71	 3043.00	 9865.18	 5565.08	  299.44	1	1	76899610

 8740.28	-5053.45	 2967.00	10522.97	 5499.41	  272.95	0	1	76900260

 8602.09	-8252.32	 3173.00	12335.51	 5269.81	  248.42	0	2	76900300

 8943.82	-4807.70	 2943.00	10572.00	 5529.00	  269.39	3	5	76900430

 8747.76	-8494.95	 2969.00	12550.00	 5264.00	  228.07	3	4	76900540

 8662.05	-4672.20	 3068.00	10308.89	 5527.64	  288.57	2	5	76900740

 8280.97	-8423.05	 2930.00	12169.92	 5241.88	  232.19	2	1	76900760

 8764.94	-8018.99	 2999.00	12252.44	 5292.41	  236.13	1	2	76901560

 8936.62	-4400.50	 3004.00	10404.40	 5563.06	  279.69	1	1	76901610

 9194.66	-5507.91	 2908.00	11105.64	 5484.62	  253.00	0	1	76902260

 9130.09	-8631.10	 3044.00	12927.51	 5276.82	  226.99	0	2	76902300

 9415.17	-5048.37	 2912.00	11073.00	 5530.00	  254.12	3	5	76902430

 9165.86	-8752.96	 3081.00	13043.00	 5272.00	  227.72	3	4	76902530

 9018.64	-5074.31	 3045.00	10786.87	 5510.60	  273.28	2	5	76902740

 8622.14	-8749.95	 2943.00	12631.87	 5242.97	  224.55	2	1	76902740

 9219.23	-8326.27	 2867.00	12749.15	 5298.56	  216.59	1	2	76903560

 9262.40	-4735.95	 2955.00	10814.49	 5548.65	  264.29	1	1	76903610

 9652.20	-5878.87	 3051.00	11706.18	 5477.59	  251.79	0	1	76904250

 9641.07	-9053.87	 3067.00	13576.79	 5279.98	  217.60	0	2	76904290

 9727.13	-5228.77	 2861.00	11408.00	 5529.00	  242.07	3	5	76904430

 9506.82	-9059.55	 3095.00	13492.00	 5273.00	  221.02	3	4	76904510

 9644.33	-5339.49	 3065.00	11441.92	 5517.16	  258.96	2	5	76904720

 9242.08	-9024.88	 2944.00	13248.84	 5261.35	  213.98	2	1	76904730

 9723.27	-8585.13	 2930.00	13297.79	 5309.29	  212.15	1	2	76905570

 9633.57	-5010.22	 3012.00	11268.54	 5542.03	  258.39	1	1	76905630

10068.41	-5835.16	 2922.00	11998.34	 5498.43	  234.92	0	1	76906280

10068.56	-9284.62	 3084.00	14038.91	 5288.66	  211.50	0	2	76906310

10104.18	-5707.36	 2951.00	11974.00	 5509.00	  237.79	3	5	76906440

 9885.79	-9400.96	 3096.00	13989.00	 5274.00	  213.11	3	4	76906520

 9943.00	-5638.75	 3065.00	11834.40	 5507.37	  250.17	2	5	76906730

 9804.98	-9305.66	 2923.00	13830.29	 5274.94	  203.36	2	1	76906740

 9980.53	-8909.55	 2926.00	13694.98	 5304.08	  205.61	1	2	76907570

 9991.76	-5382.37	 2904.00	11714.88	 5528.16	  239.21	1	1	76907630

10531.62	-6122.20	 3022.00	12551.05	 5497.16	  232.21	0	1	76908280

10413.34	-9513.61	 3006.00	14421.60	 5293.09	  200.51	0	2	76908310

10638.32	-6067.99	 2848.00	12574.00	 5505.00	  218.18	3	5	76908430

10202.82	-9887.22	 3082.00	14538.00	 5265.00	  203.99	3	4	76908510

10037.74	-6019.67	 3102.00	12108.47	 5484.15	  247.40	2	5	76908740

10279.08	-9630.87	 2877.00	14376.73	 5281.08	  192.39	2	1	76908730

10318.70	-9197.87	 2914.00	14126.85	 5304.78	  198.40	1	2	76909580

10426.49	-5708.33	 2910.00	12237.85	 5521.67	  229.27	1	1	76909630

10914.47	-6384.88	 2918.00	12977.18	 5494.55	  216.57	0	1	76910280

11122.02	-6313.05	 3095.00	13158.00	 5507.00	  226.74	3	5	76910440

10620.68	-10121.01	 3067.00	14988.00	 5273.00	  196.80	3	4	76910510

10376.47	-6308.38	 3054.00	12521.73	 5478.37	  235.28	2	5	76910750

10258.30	-9961.76	 3042.00	14619.27	 5264.00	  200.17	2	1	76910770

10602.60	-9498.03	 2978.00	14542.91	 5302.42	  196.94	1	2	76911580

10997.64	-5911.11	 2947.00	12828.64	 5529.04	  221.34	1	1	76911640

11309.46	-6585.72	 2950.00	13415.59	 5496.45	  211.71	0	1	76912270

11146.75	-10195.65	 2979.00	15397.26	 5292.53	  185.93	0	2	76912310

11521.62	-6571.82	 2898.00	13577.00	 5505.00	  205.41	3	5	76912440

11134.91	-10390.73	 3012.00	15525.00	 5283.00	  186.45	3	4	76912530

11070.31	-6531.37	 3037.00	13207.34	 5491.00	  221.57	2	5	76912710

10745.87	-10287.93	 2981.00	15172.39	 5270.79	  188.85	2	1	76912730

10943.93	-9838.39	 3005.00	15019.77	 5300.75	  192.35	1	2	76913600

11532.60	-6132.10	 3026.00	13407.47	 5533.33	  217.40	1	1	76913650

11660.86	-6688.00	 2952.00	13762.97	 5502.73	  206.43	0	1	76914280

11545.19	-10482.19	 3022.00	15883.96	 5296.05	  182.79	0	2	76914320

11873.26	-6971.58	 2901.00	14071.00	 5493.00	  198.30	3	5	76914450

11684.42	-10476.48	 2981.00	15974.00	 5302.00	  179.26	3	4	76914530

11311.60	-6746.56	 2941.00	13495.10	 5486.45	  209.79	2	5	76914710

11267.73	-10541.66	 3031.00	15724.99	 5281.78	  185.22	2	1	76914720

11927.03	-6418.39	 3040.00	13881.33	 5528.56	  210.84	1	1	76915650

12037.15	-7245.74	 2924.00	14350.73	 5482.57	  195.94	0	1	76916280

12016.54	-10642.66	 2922.00	16315.69	 5307.83	  171.95	0	2	76916320

12185.15	-7275.34	 2949.00	14495.00	 5486.00	  195.65	3	5	76916440

12049.50	-10781.07	 3057.00	16455.00	 5303.00	  178.44	3	4	76916510

11613.73	-7075.25	 3051.00	13937.23	 5477.49	  210.75	2	5	76916710

11831.20	-10768.04	 3006.00	16277.72	 5294.89	  177.36	2	1	76916720

12218.92	-6800.45	 3105.00	14324.42	 5515.03	  208.65	1	1	76917660

11766.01	-10411.07	 3020.00	15998.43	 5308.27	  181.35	1	2	76917600

12536.83	-7395.67	 2883.00	14838.45	 5491.05	  186.72	0	1	76918280

12484.73	-10949.31	 3046.00	16882.95	 5312.48	  173.24	0	2	76918310

12626.66	-7396.17	 3109.00	14960.00	 5494.00	  199.91	3	5	76918440

12440.54	-11130.94	 2910.00	16945.00	 5303.00	  164.81	3	4	76918500

12191.59	-7388.92	 2994.00	14566.91	 5479.69	  197.68	2	5	76918710

11816.08	-11274.41	 2940.00	16594.45	 5272.40	  170.08	2	1	76918720

12514.59	-7081.02	 3007.00	14690.06	 5508.30	  196.86	1	1	76919680

12296.45	-10720.07	 2902.00	16569.38	 5315.30	  168.12	1	2	76919620

12962.49	-7619.66	 3052.00	15342.75	 5492.53	  191.23	0	1	76920290

12900.05	-11329.14	 2996.00	17428.04	 5311.83	  164.98	0	2	76920320

12990.73	-7664.35	 2966.00	15372.00	 5491.00	  185.41	3	5	76920450

12747.10	-11501.74	 3039.00	17436.00	 5299.00	  167.29	3	4	76920510

12456.30	-7789.00	 3022.00	14998.68	 5466.37	  193.73	2	5	76920700

12042.00	-11651.61	 2953.00	17014.41	 5265.73	  166.58	2	1	76920720

12985.86	-7413.34	 2983.00	15247.57	 5504.65	  188.03	1	1	76921670

12757.25	-10975.58	 2877.00	17073.02	 5321.55	  161.69	1	2	76921630

13414.12	-7740.94	 2910.00	15758.46	 5500.20	  177.36	0	1	76922290

13360.19	-11428.60	 3182.00	17867.08	 5324.26	  170.98	0	3	76922330

13493.02	-7941.66	 2992.00	15940.00	 5492.00	  180.31	3	5	76922440

13222.78	-11756.25	 3031.00	17951.00	 5306.00	  162.01	3	4	76922510

12898.75	-8173.99	 3137.00	15589.51	 5460.62	  193.48	2	5	76922700

13019.75	-11880.59	 3062.00	17889.61	 5293.66	  164.26	2	1	76922710

13452.04	-7707.76	 3040.00	15799.01	 5503.14	  184.90	1	1	76923680

13181.77	-11227.06	 3004.00	17573.56	 5326.31	  164.04	1	2	76923630

13796.19	-7899.49	 2950.00	16169.08	 5503.42	  175.21	0	1	76924280

13623.36	-12360.75	 3001.00	18638.40	 5296.36	  154.43	0	2	76924320

13981.80	-8249.07	 3018.00	16512.00	 5491.00	  175.53	3	5	76924440

13652.95	-12036.70	 3157.00	18473.00	 5310.00	  164.00	3	4	76924540

13494.32	-8416.20	 2927.00	16170.85	 5467.48	  173.80	2	5	76924690

13474.44	-12150.42	 2928.00	18378.42	 5299.30	  152.79	2	1	76924710

13844.14	-7950.59	 3042.00	16251.95	 5502.19	  179.80	1	1	76925690

13591.20	-11498.52	 2970.00	18048.75	 5329.46	  157.86	1	2	76925640

14321.10	-8589.40	 2866.00	16943.60	 5484.10	  162.31	0	1	76926290

14060.97	-12128.72	 3089.00	18824.42	 5320.33	  157.41	0	3	76926320

14414.94	-8627.17	 3089.00	17081.00	 5485.00	  173.65	3	5	76926440

14116.38	-12392.82	 3016.00	19025.00	 5312.00	  152.02	3	4	76926530

13817.31	-8680.82	 3059.00	16602.17	 5464.34	  176.96	2	5	76926680

14114.37	-12327.44	 2884.00	18960.45	 5314.44	  145.82	2	1	76926700

14276.71	-8179.47	 3103.00	16743.86	 5503.18	  178.00	1	1	76927710

14024.85	-11782.98	 2953.00	18554.12	 5332.75	  152.63	1	2	76927670

14734.46	-8800.48	 2963.00	17416.43	 5485.85	  163.25	0	1	76928300

14456.94	-12765.33	 3006.00	19519.04	 5309.26	  147.65	0	3	76928330

14805.62	-9115.60	 2984.00	17641.00	 5473.00	  162.31	3	5	76928450

14476.43	-12762.70	 3027.00	19535.00	 5310.00	  148.57	3	4	76928540

14051.11	-9003.53	 2944.00	16945.92	 5455.82	  166.75	2	5	76928690

14482.28	-12664.68	 2959.00	19465.00	 5313.84	  145.73	2	1	76928710

14765.29	-8516.17	 2998.00	17306.85	 5500.42	  166.26	1	1	76929720

14472.65	-12084.76	 3106.00	19108.80	 5335.63	  155.91	1	2	76929670

15138.07	-9245.06	 2901.00	17973.54	 5476.45	  154.81	0	1	76930300

14807.99	-13487.63	 3000.00	20253.21	 5294.53	  141.97	0	3	76930330

15095.26	-9601.93	 3071.00	18152.00	 5459.00	  162.34	3	5	76930440

14518.11	-9347.93	 2925.00	17513.28	 5453.72	  160.24	2	5	76930690

14550.65	-13089.02	 3014.00	19802.23	 5300.45	  145.91	2	1	76930710

15219.70	-8784.47	 3217.00	17864.92	 5500.12	  172.90	1	1	76931730

15457.76	-9770.19	 3050.00	18539.18	 5461.75	  157.82	0	1	76932290

15366.80	-13593.02	 2990.00	20732.79	 5308.42	  138.20	0	3	76932330

15458.03	-9946.76	 3134.00	18647.00	 5454.00	  161.26	3	5	76932450

15188.38	-13560.92	 2978.00	20578.00	 5304.00	  138.68	3	4	76932510

14948.65	-9663.53	 3013.00	18053.37	 5451.99	  160.12	2	5	76932680

14152.54	-13640.24	 3000.00	19883.42	 5267.60	  144.63	2	1	76932700

15456.70	-12535.10	 3049.00	20132.93	 5349.31	  145.18	1	2	76933730

15650.70	-9116.88	 2985.00	18356.79	 5496.30	  155.97	1	1	76933760

15820.48	-9957.06	 2936.00	18922.23	 5463.58	  148.77	0	1	76934310

15769.23	-14071.14	 2995.00	21345.63	 5304.28	  134.43	0	3	76934340

15834.97	-10095.76	 3102.00	19034.00	 5458.00	  156.32	3	5	76934460

15742.82	-13675.38	 3057.00	21076.00	 5317.00	  139.00	3	6	76934520

15710.72	-9901.15	 3046.00	18818.54	 5463.00	  155.25	2	5	76934680

14859.22	-13801.62	 2991.00	20499.44	 5285.22	  139.83	2	1	76934710

16084.73	-9432.08	 3129.00	18906.97	 5493.54	  158.77	1	1	76935760

16240.91	-10152.45	 2845.00	19363.20	 5466.50	  140.82	0	1	76936310

16178.96	-14071.39	 3037.00	21656.08	 5316.42	  134.36	0	3	76936340

16304.35	-10299.22	 3072.00	19528.00	 5462.00	  150.85	3	5	76936450

16391.93	-13705.78	 2811.00	21551.00	 5335.00	  124.91	3	6	76936520

16291.52	-10249.90	 3018.00	19482.88	 5463.73	  148.52	2	5	76936680

15457.89	-13990.83	 2972.00	21059.97	 5297.53	  135.21	2	1	76936700

16565.46	-9712.20	 3063.00	19445.39	 5493.62	  151.05	1	1	76937790

16405.44	-12900.07	 3023.00	21087.65	 5363.68	  137.37	1	2	76937790

16764.03	-10723.37	 2920.00	20113.42	 5456.57	  139.13	0	1	76938310

16723.52	-13931.26	 2942.00	21963.87	 5336.74	  128.30	0	3	76938330

16776.87	-10524.11	 2936.00	20021.00	 5465.00	  140.54	3	5	76938450

16380.04	-14563.34	 3085.00	22134.00	 5306.00	  133.53	3	4	76938510

16802.88	-10473.17	 3087.00	20038.80	 5467.75	  147.70	2	5	76938680

15928.86	-14451.89	 2889.00	21700.97	 5296.39	  127.51	2	1	76938700

17125.62	-9981.00	 3081.00	20059.90	 5496.10	  147.25	1	1	76939800

16920.44	-13179.31	 3015.00	21658.39	 5368.08	  133.37	1	2	76939810

17245.58	-10733.74	 2912.00	20520.79	 5468.36	  135.97	0	1	76940300

17198.29	-13938.41	 3002.00	22339.93	 5349.61	  128.71	0	3	76940330

17139.53	-11003.39	 2984.00	20585.00	 5455.00	  138.92	3	5	76940450

16970.91	-10845.96	 2970.00	20358.48	 5456.96	  139.81	2	5	76940680

17629.23	-10257.42	 3145.00	20637.23	 5496.79	  146.10	1	1	76941830

17615.18	-11184.51	 2996.00	21079.94	 5459.78	  136.18	0	1	76942320

17420.00	-11468.93	 2992.00	21070.00	 5444.00	  136.06	3	5	76942450

17351.66	-15041.09	 3050.00	23165.00	 5318.00	  126.10	3	4	76942490

17146.31	-11237.46	 2959.00	20713.09	 5445.99	  136.89	2	5	76942680

16953.51	-15107.53	 2930.00	22896.37	 5304.92	  122.54	2	1	76942700

18010.03	-10491.73	 3105.00	21073.17	 5496.28	  141.22	1	1	76943840

18027.38	-13900.06	 2945.00	22953.67	 5372.76	  122.86	1	2	76943910

18017.88	-11397.86	 2920.00	21519.33	 5461.39	  129.98	0	1	76944320

17709.09	-15438.56	 2982.00	23682.34	 5315.31	  120.56	0	3	76944360

17775.63	-11756.51	 2958.00	21516.00	 5442.00	  131.70	3	5	76944450

18161.16	-14992.22	 2959.00	23735.00	 5341.00	  119.36	3	4	76944490

17236.75	-11619.75	 3038.00	21008.41	 5433.58	  138.58	2	5	76944680

17778.22	-15171.22	 2856.00	23545.44	 5325.40	  116.12	2	1	76944700

18413.13	-10761.67	 3081.00	21548.77	 5494.93	  137.00	1	1	76945870

18365.16	-11860.84	 2960.00	22061.74	 5452.40	  128.51	0	1	76946310

18029.66	-16074.00	 3042.00	24345.35	 5304.70	  119.63	0	3	76946360

18166.52	-12015.04	 3051.00	21993.00	 5442.00	  132.90	3	5	76946450

18569.33	-15166.37	 3026.00	24166.00	 5346.00	  119.89	3	4	76946490

18456.81	-15437.53	 2966.00	24243.94	 5334.84	  117.12	2	1	76946700

17408.47	-11998.00	 2947.00	21346.94	 5423.75	  132.25	2	5	76946670

18890.76	-11088.44	 3100.00	22122.94	 5493.13	  134.25	1	1	76947900

19168.44	-14742.67	 3002.00	24367.75	 5373.93	  117.94	1	2	76948010

18674.99	-12284.46	 2948.00	22546.71	 5444.38	  125.22	0	1	76948320

18602.54	-12275.43	 3047.00	22495.00	 5443.00	  129.75	3	5	76948460

18889.15	-15593.18	 3042.00	24682.00	 5341.00	  117.99	3	4	76948500

18303.83	-12142.48	 2980.00	22166.42	 5440.67	  128.77	2	5	76948680

19355.33	-11447.51	 3085.00	22697.83	 5489.97	  130.19	1	1	76949910

19713.01	-15237.35	 2999.00	25095.29	 5371.62	  114.39	1	2	76950070

19072.98	-12598.80	 2956.00	23048.78	 5442.55	  122.81	0	1	76950320

18868.30	-16585.81	 2957.00	25295.18	 5311.39	  111.89	0	3	76950350

19241.48	-12409.80	 3084.00	23103.00	 5453.00	  127.85	3	5	76950450

19183.49	-16005.77	 3031.00	25167.00	 5336.00	  115.29	3	4	76950490

19276.06	-12320.93	 2963.00	23068.40	 5456.90	  122.99	2	5	76950660

18826.96	-16112.91	 2994.00	24960.86	 5324.03	  114.82	2	1	76950680

19826.10	-11814.82	 3101.00	23286.91	 5486.81	  127.54	1	1	76951950

20241.87	-15646.42	 3062.00	25766.64	 5371.62	  113.75	1	2	76952110

19590.32	-12762.03	 3008.00	23573.25	 5448.63	  122.18	0	1	76952320

19421.06	-16631.90	 2908.00	25734.30	 5323.73	  108.14	0	3	76952340

19758.50	-12655.53	 2960.00	23650.00	 5456.00	  119.83	3	5	76952450

19589.31	-16344.38	 3016.00	25690.00	 5336.00	  112.37	3	4	76952490

20062.08	-12419.11	 2999.00	23784.78	 5470.68	  120.73	2	5	76952650

20321.37	-12161.03	 3014.00	23873.27	 5485.04	  120.88	1	1	76953960

20708.47	-16126.10	 3045.00	26422.79	 5368.19	  110.29	1	2	76954150

19861.91	-17426.72	 3054.00	26599.12	 5312.27	  109.88	0	3	76954370

20246.68	-12998.14	 2941.00	24239.00	 5455.00	  116.15	3	5	76954450

19799.49	-16946.26	 2987.00	26232.00	 5324.00	  108.97	3	4	76954490

20244.90	-12860.46	 2873.00	24155.77	 5459.57	  113.85	2	5	76954650

19671.00	-16765.94	 3048.00	26025.66	 5325.97	  112.09	2	1	76954680

20829.25	-12433.39	 3029.00	24446.30	 5486.10	  118.62	1	1	76955990

21165.46	-16493.05	 3058.00	27006.46	 5367.88	  108.36	1	2	76956220

20385.77	-16821.57	 3040.00	26604.26	 5341.20	  109.36	0	3	76956360

20599.53	-13377.49	 3132.00	24761.00	 5450.00	  121.11	3	5	76956460

20319.27	-17098.29	 3018.00	26727.00	 5332.00	  108.06	3	4	76956500

20199.54	-13297.35	 2958.00	24363.71	 5444.05	  116.22	2	5	76956660

19977.05	-17079.58	 3060.00	26460.50	 5324.51	  110.68	2	1	76956690

21242.22	-12851.18	 3002.00	25007.93	 5480.45	  114.91	1	1	76958010

21602.66	-16915.51	 3011.00	27602.09	 5365.63	  104.38	1	2	76958210

20721.60	-17276.53	 2948.00	27139.53	 5336.34	  103.93	0	3	76958360

20850.68	-13884.66	 3053.00	25236.00	 5439.00	  115.81	3	5	76958450

20674.97	-17471.70	 2996.00	27234.00	 5330.00	  105.26	3	4	76958490

20780.60	-17144.70	 2990.00	27105.61	 5341.27	  105.55	2	1	76958670

21725.92	-13184.64	 2948.00	25584.00	 5479.13	  110.28	1	1	76960040

21311.32	-13977.92	 2938.00	25655.14	 5445.66	  109.60	0	1	76960320

21976.07	-17359.05	 3026.00	28168.08	 5361.58	  102.78	1	2	76960240

21160.70	-18003.52	 3003.00	27944.95	 5326.81	  102.82	0	3	76960350

21414.66	-13843.17	 3023.00	25678.00	 5452.00	  112.68	3	5	76960450

21230.29	-17600.71	 3018.00	27742.00	 5339.00	  104.09	3	4	76960490

21469.51	-17514.81	 3005.00	27870.03	 5346.54	  103.16	2	1	76960650

20921.55	-13935.81	 2946.00	25310.02	 5438.87	  111.40	2	5	76960640

22046.61	-13611.95	 3044.00	26088.39	 5471.80	  111.68	1	1	76962080

21820.01	-14111.48	 3044.00	26163.19	 5451.81	  111.36	0	1	76962330

21655.16	-18039.26	 3106.00	28355.03	 5336.75	  104.81	0	3	76962360

22324.42	-17804.44	 3056.00	28717.88	 5357.11	  101.81	1	2	76962300

21883.67	-14146.35	 3069.00	26238.00	 5452.00	  111.95	3	5	76962460

21632.14	-17857.54	 3123.00	28224.00	 5341.00	  105.88	3	4	76962500

21991.79	-17813.26	 3084.00	28468.61	 5349.88	  103.65	2	1	76962660

22452.91	-13975.09	 3062.00	26623.53	 5468.35	  110.07	1	1	76964090

22675.03	-18197.20	 2973.00	29225.56	 5354.20	   97.31	1	2	76964280

22261.42	-14489.89	 3012.00	26732.00	 5449.00	  107.82	3	5	76964450

22117.58	-17987.30	 3077.00	28674.00	 5348.00	  102.67	3	4	76964490

21948.87	-18336.57	 2932.00	28750.29	 5335.40	   97.55	2	1	76964660

21776.04	-14614.40	 2895.00	26384.80	 5435.56	  104.99	2	5	76964650

22890.72	-14282.57	 2980.00	27145.11	 5467.30	  105.04	1	1	76966110

22496.71	-15365.35	 3017.00	27409.83	 5427.78	  105.32	0	1	76966330

22335.01	-19300.27	 3143.00	29685.54	 5319.48	  101.29	0	3	76966360

23086.38	-18564.00	 3069.00	29782.91	 5353.28	   98.58	1	2	76966290

22629.36	-14864.71	 3058.00	27247.00	 5445.00	  107.40	3	5	76966450

22396.95	-18370.88	 3035.00	29126.00	 5344.00	   99.69	3	4	76966490

22275.47	-14876.02	 2915.00	26944.20	 5437.74	  103.51	2	5	76966640

23338.36	-14646.44	 2961.00	27712.18	 5464.81	  102.23	1	1	76968130

22589.98	-19773.04	 3008.00	30171.65	 5313.41	   95.36	0	3	76968370

23008.51	-15182.84	 3089.00	27739.00	 5443.00	  106.56	3	5	76968450

23478.70	-18844.11	 3052.00	30259.95	 5354.16	   96.48	1	2	76968320

22783.10	-18727.57	 2946.00	29639.00	 5343.00	   95.07	3	4	76968490

22801.88	-18907.39	 2915.00	29764.28	 5338.91	   93.67	2	1	76968650

23864.37	-14981.01	 3019.00	28338.19	 5464.69	  101.93	1	1	76970150

23536.03	-14794.17	 3007.00	27961.66	 5464.13	  102.89	0	1	76970340

23050.60	-19658.32	 3168.00	30460.07	 5325.69	   99.50	0	3	76970370

23325.31	-15567.82	 3117.00	28216.00	 5438.00	  105.71	3	5	76970450

23824.31	-19048.80	 3037.00	30654.17	 5355.93	   94.76	1	2	76970320

23284.66	-19139.84	 3046.00	30295.00	 5343.00	   96.18	3	4	76970490

23054.67	-19135.75	 2939.00	30105.36	 5338.45	   93.37	2	1	76970650

24289.45	-15360.93	 2993.00	28894.53	 5461.50	   99.09	1	1	76972170

23873.25	-15344.13	 3047.00	28542.23	 5454.50	  102.14	0	1	76972330

23661.90	-19176.12	 3132.00	30617.29	 5349.63	   97.86	0	3	76972370

23643.77	-15887.95	 3180.00	28663.00	 5435.00	  106.16	3	5	76972470

24126.37	-19329.30	 3020.00	31061.62	 5354.99	   92.99	1	2	76972330

23849.65	-19354.46	 2969.00	30858.00	 5349.00	   92.02	3	4	76972490

22650.98	-19693.38	 2871.00	30151.93	 5316.59	   91.06	2	1	76972650

23339.50	-15810.26	 2955.00	28344.82	 5431.44	   99.73	2	5	76972640

24739.30	-15695.33	 2950.00	29446.20	 5460.13	   95.83	1	1	76974190

23964.57	-16359.78	 3087.00	29180.00	 5428.00	  101.21	3	5	76974460

24492.95	-19653.12	 3021.00	31547.99	 5354.27	   91.58	1	2	76974350

24166.82	-19822.61	 3019.00	31402.00	 5344.00	   91.95	3	4	76974490

23083.82	-16578.13	 2953.00	28573.02	 5405.25	   98.87	2	5	76974630

23065.95	-20059.19	 3009.00	30715.85	 5316.47	   93.70	2	1	76974640

25155.50	-15986.98	 2934.00	29949.81	 5459.38	   93.70	1	1	76976200

24631.76	-16239.16	 3026.00	29657.89	 5443.40	   97.60	0	1	76976360

24588.47	-19433.77	 3138.00	31497.79	 5361.31	   95.29	0	3	76976380

24441.84	-16648.10	 3061.00	29731.00	 5429.00	   98.49	3	5	76976470

24889.50	-20020.33	 2883.00	32071.99	 5353.13	   85.96	1	2	76976360

24692.02	-20038.06	 3033.00	31944.00	 5349.00	   90.80	3	4	76976500

24561.34	-16344.84	 3044.00	29659.39	 5439.29	   98.18	2	5	76976640

23658.53	-20446.83	 3054.00	31418.56	 5319.41	   92.97	2	1	76976650

25561.82	-16270.41	 2957.00	30444.65	 5458.71	   92.90	1	1	76978230

25332.62	-20390.67	 2995.00	32657.17	 5352.81	   87.70	1	2	76978360

25119.86	-19843.47	 3258.00	32177.40	 5361.55	   96.85	0	3	76978370

24926.61	-16978.29	 3076.00	30316.00	 5429.00	   97.06	3	5	76978470

24846.45	-20642.58	 2960.00	32438.00	 5338.00	   87.26	3	4	76978490

25038.26	-16467.21	 2979.00	30115.74	 5444.46	   94.61	2	5	76978640

26025.82	-16614.63	 3001.00	31022.49	 5457.44	   92.52	1	1	76980230

25753.73	-20762.64	 2952.00	33212.29	 5352.07	   84.99	1	2	76980360

25409.13	-17268.03	 3125.00	30880.00	 5430.00	   96.80	3	5	76980460

25437.00	-20775.50	 3003.00	32980.00	 5346.00	   87.07	3	4	76980490

25341.38	-16970.89	 2999.00	30646.22	 5436.50	   93.60	2	5	76980630

26329.93	-16956.24	 2892.00	31450.64	 5453.65	   87.93	1	1	76982250

26128.47	-21089.56	 2953.00	33707.37	 5351.52	   83.77	1	2	76982380

25879.86	-17741.50	 2973.00	31517.72	 5426.13	   90.21	0	1	76982350

25862.52	-17536.59	 3030.00	31394.00	 5431.00	   92.31	3	5	76982470

25928.96	-20862.33	 2889.00	33405.00	 5353.00	   82.69	3	4	76982500

25291.17	-17516.86	 2948.00	30905.89	 5421.55	   91.23	2	5	76982630

26659.49	-17327.60	 2941.00	31931.54	 5449.63	   88.08	1	1	76984250

26469.83	-21341.14	 2923.00	34126.82	 5352.05	   81.89	1	2	76984380

26252.54	-17921.70	 3055.00	31933.00	 5428.00	   91.50	3	5	76984470

26243.85	-21388.72	 2914.00	33981.00	 5347.00	   81.99	3	4	76984490

25717.71	-17835.94	 2997.00	31440.47	 5420.96	   91.17	2	5	76984630

27112.80	-17709.15	 3019.00	32524.33	 5447.48	   88.77	1	1	76986270

26730.84	-17888.12	 2966.00	32300.46	 5436.83	   87.81	0	1	76986360

26886.48	-21654.75	 3023.00	34654.72	 5352.53	   83.41	1	2	76986380

26648.96	-18274.25	 3067.00	32458.00	 5426.00	   90.37	3	5	76986460

26501.56	-21877.30	 3061.00	34501.00	 5341.00	   84.83	3	4	76986490

26110.42	-18076.71	 2948.00	31893.77	 5421.74	   88.39	2	5	76986630

27582.10	-18077.38	 2966.00	33111.35	 5445.98	   85.65	1	1	76988270

27337.65	-21852.97	 2986.00	35125.71	 5356.04	   81.28	1	2	76988380

26984.04	-22136.16	 3142.00	35043.11	 5343.94	   85.74	0	3	76988370

27037.67	-18540.81	 3021.00	32923.00	 5426.00	   87.75	3	5	76988460

26895.10	-22249.57	 2855.00	35022.00	 5340.00	   77.93	3	4	76988490

26171.40	-18638.58	 3000.00	32269.79	 5409.04	   88.90	2	5	76988620

25755.03	-22691.24	 3086.00	34463.57	 5310.31	   85.62	2	1	76988640

28050.73	-18452.77	 2936.00	33704.13	 5444.36	   83.29	1	1	76990290

27624.42	-18691.97	 3109.00	33498.71	 5431.93	   88.75	0	1	76990360

27765.53	-22073.20	 2897.00	35588.53	 5358.60	   77.82	1	2	76990390

27033.98	-23387.92	 3268.00	35895.84	 5318.93	   87.06	0	3	76990390

27601.24	-18547.26	 3183.00	33406.00	 5435.00	   91.13	3	5	76990470

27127.13	-22730.12	 2914.00	35511.00	 5334.00	   78.45	3	4	76990500

26692.77	-18900.81	 3041.00	32848.01	 5411.64	   88.53	2	5	76990630

26208.79	-22920.24	 3001.00	34946.30	 5313.82	   82.11	2	1	76990640

28411.55	-18672.27	 2998.00	34130.02	 5444.78	   83.99	1	1	76992290

28044.82	-22511.04	 2862.00	36075.61	 5354.11	   75.84	1	2	76992400

27630.59	-22966.37	 3113.00	36063.76	 5337.78	   82.53	0	3	76992380

27902.78	-18920.03	 3103.00	33855.00	 5431.00	   87.65	3	5	76992470

27952.49	-22587.05	 2931.00	36057.00	 5351.00	   77.71	3	4	76992490

27291.33	-19187.42	 2929.00	33489.60	 5414.84	   83.62	2	5	76992620

26821.80	-22967.93	 3042.00	35442.75	 5323.77	   82.06	2	1	76992640

28724.86	-18835.26	 2975.00	34478.04	 5445.78	   82.50	1	1	76994310

28441.34	-19667.89	 2961.00	34705.96	 5422.25	   81.57	0	1	76994360

28406.20	-22902.28	 3041.00	36615.22	 5352.05	   79.40	1	2	76994390

28256.97	-19246.70	 2902.00	34312.00	 5429.00	   80.86	3	5	76994460

28345.25	-22757.60	 2887.00	36465.00	 5354.00	   75.68	3	4	76994490

27553.30	-23122.75	 3064.00	36100.33	 5333.28	   81.15	2	1	76994630

29181.79	-19045.08	 2783.00	34957.65	 5447.83	   76.10	1	1	76996310

28956.48	-19130.70	 3011.00	34835.72	 5442.47	   82.64	0	1	76996350

28850.91	-23193.20	 2923.00	37132.78	 5353.40	   75.25	1	2	76996410

28673.91	-19530.69	 3114.00	34833.00	 5429.00	   85.48	3	5	76996470

28711.78	-23051.88	 3005.00	36943.00	 5354.00	   77.76	3	4	76996500

28056.54	-19880.92	 3074.00	34523.47	 5411.31	   85.14	2	5	76996620

29571.74	-19387.44	 2905.00	35479.57	 5445.85	   78.28	1	1	76998310

29204.87	-20093.36	 3160.00	35590.07	 5424.52	   84.90	0	1	76998360

29288.05	-23457.05	 2945.00	37639.02	 5355.14	   74.79	1	2	76998400

29075.49	-23858.38	 3109.00	37739.53	 5343.81	   78.76	0	3	76998390

28982.66	-19919.24	 3110.00	35305.00	 5425.00	   84.23	3	5	76998470

29190.21	-23335.63	 3005.00	37492.00	 5356.00	   76.62	3	4	76998490

28939.49	-19883.72	 3069.00	35245.92	 5425.13	   83.25	2	5	76998620

29970.38	-19765.29	 2822.00	36011.86	 5443.26	   74.91	1	1	77000320

29706.61	-19998.42	 2950.00	35932.19	 5434.19	   78.49	0	1	77000360

29753.92	-23722.42	 2920.00	38165.11	 5357.25	   73.13	1	2	77000400

29371.73	-24434.28	 3049.00	38327.91	 5337.38	   76.05	0	3	77000390

29347.48	-20534.08	 3008.00	35944.00	 5417.00	   80.01	3	5	77000460

29474.88	-23817.21	 3006.00	38014.00	 5351.00	   75.59	3	4	77000490

28834.83	-24115.35	 3000.00	37709.39	 5334.89	   76.05	2	1	77000630

